INDEX YEAR MN HR RH NO1 MWS W1 W2 W3 W4 NO2 N NE E SE S SW W NW CA VA NO3
42943 1984  1 3 67 31  4.5 0  0 28  3 31  0  6 14  2  2  0  2  2  3  0 31
42943 1984  2 3 50 29  5.8 0  0 28  1 29  2 12  6  1  1  2  3  1  1  0 29
42943 1984  3 3 21 31  4.9 0  0 31  0 31  4  6 10  3  3  1  2  2  0  0 31
42943 1984  4 3 24 29 10.2 0  0 29  0 29  1  2  2  1  3  7  8  5  0  0 29
42943 1984  5 3 20 31 15.4 0  8 23  0 31  2  1  0  0  0  1 14 13  0  0 31
42943 1984  6 3 64 30 17.7 0 13 17  0 30  1  0  0  1  0  5 19  4  0  0 30
42943 1984  7 3 79 31 14.3 0  2 29  0 31  1  0  0  0  0  6 14 10  0  0 31
42943 1984  8 3 81 31 15.6 0  7 24  0 31  0  0  0  0  0  6 20  5  0  0 31
42943 1984  9 3 70 30 10.7 0  2 27  1 30  5  2  1  0  1  1 12  7  1  0 30
42943 1984 10 3 58 30  6.8 0  0 30  0 30  7  5  4  2  1  1  4  6  0  0 30
42943 1984 11 3 37 22  6.4 0  0 22  0 22  4  7  7  2  1  0  1  0  0  0 22
42943 1984 12 3 38 31  7.5 0  0 31  0 31  2 12 11  2  2  1  0  1  0  0 31
42943 1985  1 3 64 31  6.7 0  0 31  0 31  3 11  8  3  2  2  1  1  0  0 31
42943 1985  2 3 62 27  7.2 0  0 27  0 27  7 10  5  3  1  0  0  1  0  0 27
42943 1985  3 3 42 31  6.5 0  0 31  0 31  5  6  1  1  4  2  6  6  0  0 31
42943 1985  4 3 33 30 12.2 0  1 29  0 30 10  2  1  3  1  0  5  8  0  0 30
42943 1985  5 3 33 30 16.9 0  8 23  0 31  2  0  0  0  3  5 11 10  0  0 31
42943 1985  6 3 65 30 23.7 0 22  8  0 30  0  0  0  0  1  2 17 10  0  0 30
42943 1985  7 3 80 31 17.7 0 10 21  0 31  0  0  0  0  0  9 17  5  0  0 31
42943 1985  8 3 81 31 14.7 0  5 26  0 31  0  0  0  0  0  3 22  6  0  0 31
42943 1985  9 3 72 30 12.7 0  1 29  0 30  1  1  0  1  3  2 18  4  0  0 30
42943 1985 10 3 66 31  7.8 0  0 31  0 31  7  7  3  4  3  2  3  2  0  0 31
42943 1985 11 3 41 30  6.1 0  0 30  0 30  4 13  6  3  2  1  1  0  0  0 30
42943 1985 12 3 46 31  6.5 0  0 31  0 31  2  7 17  1  3  1  0  0  0  0 31
42943 1986  1 3 51 30  7.2 0  0 30  0 30  2 10  8  5  3  2  0  0  0  0 30
42943 1986  2 3 66 28  8.1 0  1 27  0 28  1 10 11  2  0  2  2  0  0  0 28
42943 1986  3 3 46 30  8.3 0  1 29  0 30  2  8  9  2  1  2  3  3  0  0 30
42943 1986  4 3 66  6  4.4 0  0  6  0  6  1  0  0  0  0  3  2  0  0  0  6
42943 1986  5 3 28 31 12.8 0  6 25  0 31  6  0  2  1  0  2 10 10  0  0 31
42943 1986  6 3 65 30 12.7 0  3 27  0 30  2  0  1  0  0  7 17  3  0  0 30
42943 1986  7 3 79 30 15.2 0  7 23  0 30  0  0  0  0  0  4 24  2  0  0 30
42943 1986  8 3 81 30 13.8 0  6 24  0 30  1  0  0  1  0  2 23  3  0  0 30
42943 1986  9 3 68 30  8.4 0  0 30  0 30  5  4  0  0  0  0 14  7  0  0 30
42943 1986 10 3 49 29  6.5 0  0 29  0 29  5  9  3  2  3  1  3  3  0  0 29
42943 1986 11 3 51 30  6.3 0  0 30  0 30  3 10 10  1  1  2  2  1  0  0 30
42943 1986 12 3 56 30  7.0 0  0 30  0 30  1  9 10  4  4  1  0  1  0  0 30
42943 1987  1 3 62 31  7.6 0  0 31  0 31  1  8 15  4  1  0  1  1  0  0 31
42943 1987  2 3 47 28  6.4 0  0 28  0 28  3  9  8  2  1  2  1  2  0  0 28
42943 1987  3 3 34 31  7.8 0  0 31  0 31  4  5  6  4  2  3  4  3  0  0 31
42943 1987  4 3 21 30 12.6 0  2 28  0 30  4  3  1  1  3  5  8  5  0  0 30
42943 1987  5 3 34 31 12.9 0  3 28  0 31  6  0  0  1  3  5 10  6  0  0 31
42943 1987  6 3 60 30 16.5 0 10 20  0 30  1  0  0  1  1  2 19  6  0  0 30
42943 1987  7 3 80 31 19.4 0 14 17  0 31  0  0  0  0  0  4 23  4  0  0 31
42943 1987  8 3 83 31 17.5 0 15 16  0 31  2  0  0  0  2  3 19  5  0  0 31
42943 1987  9 3 72 30 15.0 0  7 23  0 30  0  0  1  0  1  2 18  8  0  0 30
42943 1987 10 3 66 31  7.2 0  0 31  0 31  3  9  6  6  2  3  2  0  0  0 31
42943 1987 11 3 65 30  5.8 0  0 30  0 30  6 15  6  2  0  1  0  0  0  0 30
42943 1987 12 3 53 31  9.3 0  0 31  0 31  2 15 12  1  0  1  0  0  0  0 31
42943 1988  1 3 55 31  7.8 0  0 31  0 31  0  9 13  4  3  1  0  1  0  0 31
42943 1988  2 3 47 28  9.3 0  0 29  0 29  2  9  5  2  3  3  4  1  0  0 29
42943 1988  3 3 31 31 12.3 0  4 27  0 31  3  4  5  1  1  2  8  7  0  0 31
42943 1988  4 3 34 30 13.3 0  4 26  0 30  1  2  3  4  3  8  7  2  0  0 30
42943 1988  5 3 26 31 20.5 0 21 10  0 31  4  1  1  0  0  1 13 11  0  0 31
42943 1988  6 3 66 30 20.1 0 17 13  0 30  1  0  0  0  2  7 15  5  0  0 30
42943 1988  7 3 87 31 11.2 0  6 22  2  0  1  0  0  0  1 11 15  3  0  0 31
42943 1988  8 3 86 31  9.9 0  5 23  3  0  0  0  0  0  0  3 21  7  0  0 31
42943 1988  9 3 86 30  9.9 0  1 29  0 30  2  2  4  2  4  3 10  3  0  0 30
42943 1988 10 3 64 31  7.2 0  0 31  0 31  6  3  2  1  2  1  8  8  0  0 31
42943 1988 11 3 48 30  5.1 0  0 30  0 30  7 11  7  3  1  0  0  1  0  0 30
42943 1988 12 3 45 31  6.0 0  0 31  0 31  2 11 13  1  2  1  1  0  0  0 31
42943 1989  1 3 40 31  7.5 0  0 31  0 31  0  9 12  2  2  1  3  2  0  0 31
42943 1989  2 3 28 28  7.6 0  0 28  0 28  3  6  5  0  0  0  8  6  0  0 28
42943 1989  4 3 20 30  9.7 0  2 28  0 30  7  2  2  0  1  3  9  6  0  0 30
42943 1989  5 3 36 31 15.4 0 10 21  0 31  7  1  1  0  0  0 12 10  0  0 31
42943 1989  6 3 69 30  9.2 0  3  1  0  4  0  0  0  0  1  2 25  2  0  0 30
42943 1989  7 3 82 31 15.1 0 10 21  0 31  1  0  1  0  3  1 20  5  0  0 31
42943 1989  8 3 87 31 16.9 0 12 19  0 31  1  0  0  0  0  1 24  5  0  0 31
42943 1989  9 3 79 30 10.6 0  1 29  0 30  1  0  0  0  1  2 19  7  0  0 30
42943 1989 10 3 50 31  6.3 0  0 31  0 31  4  8  5  1  1  1  6  5  0  0 31
42943 1989 11 3 43 29  6.0 0  0 29  0 29  4  9  8  0  1  4  2  1  0  0 29
42943 1989 12 3 52 31  8.2 0  0 31  0 31  2  9 15  2  2  0  1  0  0  0 31
42943 1990  1 3 49 31  5.2 0  0 31  0 31  5 12  8  0  1  0  3  2  0  0 31
42943 1990  2 3 46 27  7.7 0  0 28  0 28  4  5  7  2  2  2  3  3  0  0 28
42943 1990  3 3 38 31  8.7 0  0 31  0 31  4  6  8  3  0  1  7  2  0  0 31
42943 1990  4 3 22 30 13.9 0  6 24  0 30  5  5  0  2  2  1 12  3  0  0 30
42943 1990  5 3 58 31 18.4 0 15 16  0 31  1  2  2  1  2  2 18  3  0  0 31
42943 1990  6 3 76 30 18.7 0 21  9  0 30  0  0  0  0  1  2 26  1  0  0 30
42943 1990  7 3 83 31 16.7 0 15 16  0 31  0  0  0  0  0  5 26  0  0  0 31
42943 1990  8 3 86 29 13.5 0  6 23  0 29  1  0  0  1  0  4 20  3  0  0 29
42943 1990  9 3 82 30 12.1 0  2 28  0 30  0  0  0  0  1  2 24  3  0  0 30
42943 1990 10 3 74 31  6.9 0  0 31  0 31  3  7  5  3  3  2  5  3  0  0 31
42943 1990 11 3 58 30  6.1 0  0 30  0 30  5 11 12  0  0  1  0  1  0  0 30
42943 1990 12 3 65 31  6.6 0  0 31  0 31  1  9 16  2  1  0  2  0  0  0 31
42943 1991  1 3 55 31  6.7 0  0 31  0 31  2  9 11  4  1  1  2  1  0  0 31
42943 1991  2 3 42 28  6.5 0  0 28  0 28  4  3  4  2  5  3  5  2  0  0 28
42943 1991  3 3 39 31  7.2 0  1 30  0 31  4  2  9  4  4  1  5  2  0  0 31
42943 1991  4 3 34 30  6.5 0  0 30  0 30  8  5  3  0  2  3  7  2  0  0 30
42943 1991  5 3 35 31 15.3 0 11 20  0 31  3  1  0  0  1  1 20  5  0  0 31
42943 1991  6 3 69 30 14.4 0  7 23  0 30  0  1  2  4  3  1 17  2  0  0 30
42943 1991  7 3 83 30 14.2 0  7 23  0 30  0  0  0  0  0  5 24  1  0  0 30
42943 1991  8 3 83 31 15.5 0 10 21  0 31  0  0  0  0  0  1 30  0  0  0 31
42943 1991  9 3 67 29  9.8 0  1 28  0 29  1  1  1  0  0  0 20  6  0  0 29
42943 1991 10 3 59 31  5.4 0  0 31  0 31  8  6  9  1  1  0  3  3  0  0 31
42943 1991 11 3 55 30  6.1 0  0 30  0 30  2 10 13  3  1  0  1  0  0  0 30
42943 1991 12 3 53 31  6.3 0  0 31  0 31  3  9 11  1  2  2  2  1  0  0 31
42943 1992  1 3 45 31  6.6 0  0 31  0 31  1  7 12  1  7  1  2  0  0  0 31
42943 1992  2 3 35 29  6.8 0  0 29  0 29  4  6  7  0  0  0  9  3  0  0 29
42943 1992  3 3 23 31  7.9 0  0 31  0 31  4  5  2  2  0  2 11  5  0  0 31
42943 1992  4 3 24 30  9.2 0  0 30  0 30  5  2  1  2  4  2  9  5  0  0 30
42943 1992  5 3 34 31 16.0 0  9 22  0 31  2  0  1  0  4  3 15  6  0  0 31
42943 1992  6 3 55 29 13.7 0  7 22  0 29  0  0  0  2  1  1 23  2  0  0 29
42943 1992  7 3 73 31 14.2 0 11 20  0 31  0  0  1  0  0  5 24  1  0  0 31
42943 1992  8 3 88 31 17.3 0 16 15  0 31  0  0  0  3  1  3 22  2  0  0 31
42943 1992  9 3 76 30 12.8 0  7 23  0 30  3  0  3  1  1  2 15  5  0  0 30
42943 1992 10 3 62 31  8.7 0  1 30  0 31  5  8  3  0  3  2  7  3  0  0 31
42943 1992 11 3 59 30  7.8 0  1 29  0 30  1 13 12  1  1  0  2  0  0  0 30
42943 1992 12 3 43 31  6.3 0  0 31  0 31  5  9 11  3  2  0  0  1  0  0 31
42943 1993  1 3 42 30  6.2 0  0 30  0 30  4  8 10  2  1  2  2  1  0  0 30
42943 1993  2 3 34 27  9.4 0  4 23  0 27  3  4  8  1  2  2  6  1  0  0 27
42943 1993  3 3 44 31 10.4 0  1 30  0 31  4  4 11  0  2  0  8  2  0  0 31
42943 1993  4 3 31 30 11.1 0  0 30  0 30  0  2  3  1  3  1 17  3  0  0 30
42943 1993  5 3 39 31 16.9 0 14 17  0 31  0  0  0  0  4  2 21  4  0  0 31
42943 1993  6 3 69 30 17.8 0 15 15  0 30  0  0  0  0  2  4 21  3  0  0 30
42943 1993  7 3 82 31 13.0 0  7 24  0 31  0  1  0  0  4  4 20  2  0  0 31
42943 1993  8 3 85 31 10.3 0  4 27  0 31  0  0  0  0  0  1 28  2  0  0 31
42943 1993  9 3 82 30  9.5 0  1 29  0 30  0  1  1  0  3  2 21  2  0  0 30
42943 1993 10 3 74 30  4.9 0  0 30  0 30  8  8  6  2  3  0  1  2  0  0 30
42943 1993 11 3 48 30  5.4 0  0 30  0 30  3 12 13  1  1  0  0  0  0  0 30
42943 1993 12 3 65 31  6.1 0  0 31  0 31  4  2 22  1  1  0  0  1  0  0 31
42943 1994  1 3 63 31  6.1 0  0 31  0 31  3  4 17  2  1  0  3  1  0  0 31
42943 1994  2 3 57 28  6.6 0  0 28  0 28  3  8 10  1  3  0  2  1  0  0 28
42943 1994  3 3 30 31  5.6 0  0 31  0 31  1  5 10  4  3  0  6  2  0  0 31
42943 1994  4 3 40 30  8.0 0  0 30  0 30  1  0  6  2  4  1 15  1  0  0 30
42943 1994  5 3 38 30 11.7 0  8 22  0 30  2  1  1  0  2  1 18  5  0  0 30
42943 1994  6 3 69 30 10.3 0  5 25  0 30  1  0  2  0  5  0 22  0  0  0 30
42943 1994  7 3 86 31  8.3 0  0 31  0 31  0  0  0  1  4  2 24  0  0  0 31
42943 1994  8 3 88 31  8.0 0  0 31  0 31  0  0  0  0  4  1 25  1  0  0 31
42943 1994  9 3 72 30  7.0 0  0 30  0 30  8  0  0  0  3  2 15  2  0  0 30
42943 1994 10 3 66 31  5.6 0  0 31  0 31  7  8  8  1  1  0  5  1  0  0 31
42943 1994 11 3 59 30  6.9 0  0 30  0 30  2  5 18  1  2  0  0  2  0  0 30
42943 1994 12 3 45 31  6.3 0  0 31  0 31  0  2 21  4  2  0  2  0  0  0 31
42943 1995  1 3 61 31  7.5 0  0 31  0 31  3  2 16  2  4  0  3  1  0  0 31
42943 1995  2 3 48 28  8.7 0  0 28  0 28  4  2 12  2  3  1  2  2  0  0 28
42943 1995  3 3 52 31  8.5 0  0 31  0 31  8  4 11  4  1  0  2  1  0  0 31
42943 1995  4 3 36 29  6.7 0  0 29  0 29  5  1  3  0  5  2 12  1  0  0 29
42943 1995  5 3 53 31  9.4 0  3 28  0 31  4  2  2  1  4  0 15  3  0  0 31
42943 1995  6 3 60 29 12.8 0  7 22  0 29  0  0  0  1  2  1 22  3  0  0 29
42943 1995  7 3 77 31  8.2 0  2 29  0 31  0  0  0  1  8  3 18  1  0  0 31
42943 1995  8 3 78 31  7.5 0  0 31  0 31  0  0  0  0  1  1 28  1  0  0 31
42943 1995  9 3 79 30  6.0 0  0 30  0 30  3  0  1  0  0  0 23  3  0  0 30
42943 1995 10 3 68 30  5.8 0  0 30  0 30  5  6 14  1  0  0  4  0  0  0 30
42943 1995 11 3 52 30  5.2 0  0 30  0 30  3  5 21  1  0  0  0  0  0  0 30
42943 1995 12 3 53 31  6.2 0  0 31  0 31  0  3 13  5  8  1  1  0  0  0 31
42943 1996  1 3 64 31  6.5 0  1 30  0 31  2  2 20  1  3  1  2  0  0  0 31
42943 1996  2 3 42 29  6.1 0  0 28  1 29  1  3 15  1  2  1  2  2  2  0 29
42943 1996  3 3 31 31  6.2 0  0 30  1 31  0  2 10  3  3  0  9  2  2  0 31
42943 1996  4 3 36 30  7.4 0  2 28  0 30  2  3  4  3  6  1  8  3  0  0 30
42943 1996  5 3 37 31 10.5 0  2 29  0 31  4  0  0  0  0  1 20  6  0  0 31
42943 1996  6 3 50 30 12.5 0 10 19  1 30  2  1  2  0  3  0 21  0  1  0 30
42943 1996  7 3 79 31  8.7 0  3 28  0 31  0  0  0  0  6  0 25  0  0  0 31
42943 1996  8 3 86 31  6.9 0  0 31  0 31  1  0  0  0  4  2 24  0  0  0 31
42943 1996  9 3 79 28  6.2 0  0 28  0 28  1  2  1  0  3  0 17  4  0  0 28
42943 1996 12 3 46 31  6.4 0  0 31  0 31  1  6 22  0  2  0  0  0  0  0 31
42943 1997  2 3 33 28  6.0 0  0 28  0 28  4  1 11  0  2  0  9  1  0  0 28
42943 1997  3 3 31 31  6.0 0  0 31  0 31  4  2  6  3  6  0  7  3  0  0 31
42943 1997  6 3 80  1  9.2 0  0  1  0  1  0  0  0  0  0  0  1  0  0  0  1
42943 1997  7 3 86  1 11.2 0  0  1  0  1  0  0  0  0  0  0  1  0  0  0  1
42943 1997  9 3 81 30  6.0 0  0 30  0 30  2  0  0  0  4  0 23  1  0  0 30
42943 1997 10 3 65 31  5.4 0  0 31  0 31  4  2  8  4  6  0  7  0  0  0 31
42943 1997 11 3 72 29  5.7 0  0 29  0 29  2  5 12  2  8  0  0  0  0  0 29
42943 1998  1 3 64 31  5.8 0  0 31  0 31  4  3 17  3  3  0  1  0  0  0 31
42943 1998  2 3 54 28  6.3 0  0 28  0 28  3  3 11  1  4  0  5  1  0  0 28
42943 1998  3 3 42 31  6.1 0  0 31  0 31  2  3 14  2  4  0  3  3  0  0 31
42943 1998  4 3 30 30  6.1 0  0 30  0 30  1  2  3  2  3  0 14  5  0  0 30
42943 1998  5 3 32 31  7.3 0  1 30  0 31  2  0  1  1  4  0 21  2  0  0 31
42943 1998  6 3 60 30  9.7 0  3 27  0 30  0  0  0  0  6  0 22  2  0  0 30
42943 1998  7 3 85 30  5.7 0  0 30  0 30  1  0  3  0  5  0 21  0  0  0 30
42943 1998  8 3 83 31  7.0 0  1 30  0 31  1  0  1  1  4  0 22  2  0  0 31
42943 1998  9 3 84 30  5.8 0  0 30  0 30  3  1  3  0  4  0 18  1  0  0 30
42943 1998 10 3 75 31  5.4 0  0 31  0 31  6  2  8  0  3  0 11  1  0  0 31
42943 1998 11 3 66 30  4.6 0  0 30  0 30 10  4 14  0  1  0  0  1  0  0 30
42943 1998 12 3 44 31  4.3 0  0 31  0 31  2  6 19  2  1  0  1  0  0  0 31
42943 1999  1 3 43 31  5.8 0  0 31  0 31  0  3 21  2  1  0  4  0  0  0 31
42943 1999  2 3 54 27  5.7 0  0 27  0 27  1  2 15  4  3  0  2  0  0  0 27
42943 1999  3 3 26 31  5.5 0  0 31  0 31  2  6  8  1  2  0 12  0  0  0 31
42943 1999  4 3 18 30  6.3 0  0 30  0 30  5  2  2  0  4  0  7 10  0  0 30
42943 1999  5 3 42 31  7.1 0  0 31  0 31  3  0  0  1  5  0 22  0  0  0 31
42943 1999  6 3 66 30  9.1 0  0 30  0 30  0  0  0  0  1  0 29  0  0  0 30
42943 1999  7 3 82 29  6.7 0  1 28  0 29  1  0  0  0  7  0 21  0  0  0 29
42943 1999  8 3 83 31  7.2 0  0 31  0 31  0  0  0  0  0  0 31  0  0  0 31
42943 1999  9 3 87 29  7.1 0  1 28  0 29  1  0  2  0  2  0 21  3  0  0 29
42943 1999 10 3 72 31  5.2 0  0 31  0 31  7  3  8  2  4  1  4  2  0  0 31
42943 1999 11 3 46 30  4.8 0  0 30  0 30 10  2 15  0  1  0  2  0  0  0 30
42943 1999 12 3 55 31  5.4 0  0 31  0 31  1  4 19  3  4  0  0  0  0  0 31
42943 2000  1 3 55 31  5.3 0  0 31  0 31  5  3 15  1  4  0  3  0  0  0 31
42943 2000  2 3 52 28  6.5 0  0 28  0 28  4  6  9  0  3  0  6  0  0  0 28
42943 2000  3 3 36 31  5.8 0  0 31  0 31  4  1 11  0  1  0 10  4  0  0 31
42943 2000  4 3 28 30  7.2 0  0 30  0 30  2  0  4  0  7  0 15  2  0  0 30
42943 2000  5 3 49 31  9.0 0  3 27  0 30  1  1  4  0  2  0 22  0  0  0 30
42943 2000  6 3 72 30  7.8 0  2 28  0 30  0  0  1  0  4  0 25  0  0  0 30
42943 2000  7 3 81 30  6.1 0  0 30  0 30  0  0  1  0  1  0 28  0  0  0 30
42943 2000  8 3 78 31  6.1 0  0 31  0 31  2  1  1  0  2  0 25  0  0  0 31
42943 2000  9 3 70 30  5.2 0  0 30  0 30  0  1  0  0  6  0 20  3  0  0 30
42943 2000 10 3 54 31  4.1 0  0 31  0 31  5  3  4  2  6  0 10  1  0  0 31
42943 2000 11 3 46 30  4.3 0  0 30  0 30  6  4 10  3  2  1  3  1  0  0 30
42943 2000 12 3 32 31  5.6 0  0 31  0 31  2  5 19  2  1  0  2  0  0  0 31
42943 2001  1 3 49 31  5.3 0  0 31  0 31  2  6 14  2  4  0  3  0  0  0 31
42943 2001  2 3 31 27  5.5 0  0 26  1 27  2  5  7  1  3  1  7  0  1  0 27
42943 2001  3 3 40 31  6.8 0  0 31  0 31  3  3 10  2  2  0  8  3  0  0 31
42943 2001  4 3 37 30  5.2 0  0 30  0 30  6  1  8  3  6  0  6  0  0  0 30
42943 2001  5 3 34 31  8.8 0  1 30  0 31  0  0  0  0  2  0 26  3  0  0 31
42943 2001  6 3 69 30  8.9 0  2 28  0 30  0  0  1  0  2  0 26  1  0  0 30
42943 2001  7 3 74 31  6.0 0  0 31  0 31  2  0  0  0  0  0 28  1  0  0 31
42943 2001  8 3 83 30  6.4 0  0 30  0 30  0  0  0  0  0  0 30  0  0  0 30
42943 2001  9 3 67 30  5.0 0  0 30  0 30  2  1  1  0  0  0 20  6  0  0 30
42943 2001 10 3 66 30  4.6 0  0 30  0 30 10  3  6  0  2  0  9  0  0  0 30
42943 2001 11 3 44 30  5.3 0  0 30  0 30  2  5 17  0  2  0  3  1  0  0 30
42943 2001 12 3 38 31  5.4 0  0 31  0 31  3  5 16  1  5  0  1  0  0  0 31
42943 2002  1 3 44 31  5.5 0  0 31  0 31  2  5 16  1  0  1  6  0  0  0 31
42943 2002  2 3 43 28  5.5 0  0 28  0 28  0  1 17  2  4  0  4  0  0  0 28
42943 2002  3 3 28 31  5.4 0  0 31  0 31  4  1 15  0  3  0  8  0  0  0 31
42943 2002  4 3 28 30  5.6 0  0 30  0 30  3  1  1  0  4  0 21  0  0  0 30
42943 2002  6 3 63 30  6.0 0  0 30  0 30  0  0  0  0  7  1 22  0  0  0 30
42943 2002  7 3 71 31  6.3 0  0 31  0 31  0  0  0  0  0  1 30  0  0  0 31
42943 2002  8 3 85 30  6.0 0  0 30  0 30  1  0  0  0  0  1 28  0  0  0 30
42943 2002  9 3 77 30  5.2 0  0 30  0 30  2  0  0  0  0  0 28  0  0  0 30
42943 2002 10 3 53 31  4.9 0  0 31  0 31  3  7 10  0  4  0  7  0  0  0 31
42943 2002 11 3 43 30  5.4 0  0 29  1 30  5  6 16  1  0  0  1  0  1  0 30
42943 2002 12 3 39 31  5.8 0  0 31  0 31  1  2 13  0 11  0  4  0  0  0 31
42943 2003  1 3 48 31  5.9 0  0 31  0 31  3  1 23  1  1  0  1  1  0  0 31
42943 2003  2 3 48 28  6.0 0  0 28  0 28  2  0 20  0  4  0  2  0  0  0 28
42943 2003  3 3 36 31  6.0 0  0 31  0 31  5  1 11  0  7  0  5  2  0  0 31
42943 2003  4 3 40 30  6.0 0  0 30  0 30  3  1  2  3  4  0 15  2  0  0 30
42943 2003  5 3 30 31  6.7 0  0 31  0 31  0  0  4  0  2  0 19  6  0  0 31
42943 2003  6 3 56 30  6.2 0  0 30  0 30  0  0  0  0  3  0 27  0  0  0 30
42943 2003  7 3 84 31  4.9 0  0 31  0 31  0  0  0  0  0  0 31  0  0  0 31
42943 2003  8 3 83 31  5.5 0  0 31  0 31  0  0  0  0  2  0 29  0  0  0 31
42943 2003  9 3 81 30  5.4 0  0 30  0 30  1  0  1  0  1  0 26  1  0  0 30
42943 2003 10 3 65 31  5.1 0  0 31  0 31 11  8  6  0  2  0  4  0  0  0 31
42943 2003 11 3 48 30  5.0 0  0 30  0 30  4  2 11  3  9  0  1  0  0  0 30
42943 2003 12 3 49 31  5.2 0  0 31  0 31  1  3 22  2  2  0  0  1  0  0 31
42943 2004  1 3 57 31  6.1 0  0 31  0 31  2  4 13  3  8  0  1  0  0  0 31
42943 2004  2 3 48 28  5.8 0  0 28  0 28  0  5 14  2  4  0  3  0  0  0 28
42943 2004  3 3 27 31  5.8 0  0 31  0 31  2  2  8  0  5  0 13  1  0  0 31
42943 2004  4 3 33 30  6.2 0  0 30  0 30  2  0  1  0  3  0 20  4  0  0 30
42943 2004  5 3 43 30  6.9 0  0 30  0 30  3  0  4  0  0  0 23  0  0  0 30
42943 2004  6 3 58 30  6.4 0  0 30  0 30  0  0  0  0  3  0 27  0  0  0 30
42943 2004  7 3 72 31  6.2 0  0 31  0 31  0  0  1  0  0  0 28  2  0  0 31
42943 2004  8 3 82 30  5.7 0  0 30  0 30  0  0  0  0  0  0 30  0  0  0 30
42943 2004  9 3 74 30  5.3 0  0 30  0 30  0  0  1  0  5  0 20  4  0  0 30
42943 2004 10 3 57 31  5.4 0  0 31  0 31  3 10 13  0  1  0  2  2  0  0 31
42943 2004 11 3 43 30  5.7 0  0 30  0 30  0  2 23  1  2  0  0  2  0  0 30
42943 2004 12 3 36 30  6.2 0  0 30  0 30  2 10 17  0  1  0  0  0  0  0 30
42943 2005  1 3 50 31  6.2 0  0 31  0 31  1  6 16  3  4  0  1  0  0  0 31
42943 2005  2 3 46 28  5.8 0  0 28  0 28  1  0 13  1  2  0  8  3  0  0 28
42943 2005  3 3 37 30  5.8 0  0 30  0 30  3  4  8  2  5  0  5  3  0  0 30
42943 2005  4 3 26 30  6.3 0  0 30  0 30  2  0 11  2  2  0 13  0  0  0 30
42943 2005  5 3 25 31  6.0 0  0 31  0 31  0  0 10  0  2  0 17  2  0  0 31
42943 2005  6 3 47 30  6.4 0  0 29  1 30  0  0  1  0  2  0 24  2  1  0 30
42943 2005  7 3 80 31  6.3 0  0 31  0 31  2  0  0  0  0  0 28  1  0  0 31
42943 2005  8 3 81 30  5.7 0  0 30  0 30  0  0  0  0  0  0 26  4  0  0 30
42943 2005  9 3 81 30  5.5 0  0 30  0 30  5  0  3  0  4  1 13  4  0  0 30
42943 2005 10 3 69 31  5.7 0  0 31  0 31  8  7  4  1  1  0  4  6  0  0 31
42943 2005 11 3 42 30  5.9 0  0 30  0 30  3  6  6  2  0  0 11  2  0  0 30
42943 2005 12 3 40 31  5.8 0  0 31  0 31  2  5 16  2  0  0  6  0  0  0 31
43001 1988  1 3 64 31  4.9 0  0 24  7 31  6  2 13  3  0  0  0  0  7  0 31
43001 1988  2 3 67 28  4.1 0  0 21  8 29  1  1 17  2  0  0  0  0  8  0 29
43001 1988  3 3 69 30  5.0 0  0 25  5 30  0  0 16  7  0  0  0  2  5  0 30
43001 1988  4 3 68 30  5.8 0  0 27  3 30  1  2  3 17  0  1  2  1  3  0 30
43001 1988  5 3 70 31  8.7 0  2 28  1 31  1  0  1  5  3  7 11  2  1  0 31
43001 1988  6 3 79 30  9.0 0  2 25  3 30  0  0  1 10  3  7  6  0  3  0 30
43001 1988  7 3 90 31 14.7 0  8 23  0 31  0  0  1  4  1 19  5  1  0  0 31
43001 1988  8 3 88 31 12.8 0  9 22  0 31  0  0  1 10  0 13  6  1  0  0 31
43001 1988  9 3 87 30  6.2 0  0 28  2 30  0  1  8 11  1  6  0  1  2  0 30
43001 1988 10 3 73 31  6.8 0  0 31  0 31  3  2 17  8  0  0  0  1  0  0 31
43001 1988 11 3 55 30  6.3 0  0 29  1 30  1  3 16  9  0  0  0  0  1  0 30
43001 1988 12 3 64 31  4.8 0  0 23  8 31  1  2 14  6  0  0  0  0  8  0 31
43001 1989  1 3 58 31  4.9 0  0 24  7 31  6  3 14  1  0  0  0  0  7  0 31
43001 1989  2 3 51 28  4.2 0  0 19  9 28  9  1  9  0  0  0  0  0  9  0 28
43001 1989  3 3 66 31  5.0 0  0 29  2 31  3  3 15  5  0  0  0  3  2  0 31
43001 1989  4 3 63 30  4.8 0  0 24  6 30  4  2  8  5  4  1  0  0  6  0 30
43001 1989  5 3 68 31  8.3 0  0 27  4 31  0  1  1  5  5 12  2  1  4  0 31
43001 1989  6 3 82 30  9.5 0  4 23  3 30  0  2  1 11  1 10  1  1  3  0 30
43001 1989  7 3 86 31 17.2 0 13 17  1 31  1  0  2  4  1 15  6  1  1  0 31
43001 1989  8 3 87 31 16.3 0 12 16  3 31  0  0  1  2  0 15 10  0  3  0 31
43001 1989  9 3 86 30  5.1 0  0 19 11 30  0  0  6  6  0  2  2  2 11  1 30
43001 1989 10 3 74 31  3.0 0  0 16 15 31  1  0 13  2  0  0  0  0 15  0 31
43001 1989 11 3 66 30  3.8 0  0 16 14 30  1  0 14  1  0  0  0  0 14  0 30
43001 1989 12 3 55 31  4.7 0  0 19 12 31  1  1 12  5  0  0  0  0 12  0 31
43001 1990  1 3 61 31  3.2 0  0 16 15 31  4  0 12  0  0  0  0  0 15  0 31
43001 1990  2 3 60 28  6.8 0  0 26  2 28  7  0 15  3  0  0  0  1  2  0 28
43001 1990  3 3 67 31  4.7 0  0 22  9 31  5  1 11  3  0  0  0  2  9  0 31
43001 1990  4 3 72 30  4.2 0  0 20 10 30  0  1  7  8  2  1  0  1 10  0 30
43001 1990  5 3 76 31  6.9 0  1 22  8 31  0  0  3  4  1  9  5  1  8  0 31
43001 1990  6 3 81 30 12.8 0  9 14  7 30  0  0  2  2  1 11  6  1  7  0 30
43001 1990  7 3 86 31 20.3 0 20  9  2 31  0  0  0  0  2 18  8  1  2  0 31
43001 1990  8 3 89 31 17.1 0 11 19  1 31  0  0  0  0  1 15 12  2  1  0 31
43001 1990  9 3 89 30  8.0 0  2 24  4 30  0  0  7  6  2  9  2  0  4  0 30
43001 1990 10 3 79 31  3.6 0  0 19 12 31  0  1 12  6  0  0  0  0 12  0 31
43001 1990 11 3 69 30  3.0 0  0 15 15 30  0  2 10  3  0  0  0  0 15  0 30
43001 1990 12 3 68 31  3.6 0  0 18 13 31  2  1 11  4  0  0  0  0 13  0 31
43001 1991  1 3 62 31  2.6 0  0 13 18 31  4  2  5  2  0  0  0  0 18  0 31
43001 1991  2 3 63 27  2.8 0  0 14 13 27  5  2  5  2  0  0  0  0 13  0 27
43001 1991  3 3 71 31  3.0 0  0 18 13 31  1  1 14  2  0  0  0  0 13  0 31
43001 1991  4 3 72 30  2.6 0  0 15 15 30  1  0  8  4  0  2  0  0 15  0 30
43001 1991  5 3 74 31  5.6 0  1 18 12 31  0  0  0  1  1  9  6  2 12  0 31
43001 1991  6 3 81 30 12.2 0  5 21  4 30  0  0  1  1  1 17  5  1  4  0 30
43001 1991  7 3 91 31 15.0 0 12 16  3 31  0  0  1  2  1 18  5  1  3  0 31
43001 1991  8 3 87 31 13.9 0 10 17  4 31  0  0  0  0  1 17  9  0  4  0 31
43001 1991  9 3 85 30  4.6 0  3 11 16 30  0  0  6  2  0  3  2  1 16  0 30
43001 1991 10 3 70 31  3.4 0  0 20 11 31  1  1 15  3  0  0  0  0 11  0 31
43001 1991 11 3 63 30  1.9 0  0 12 18 30  0  1 10  1  0  0  0  0 18  0 30
43001 1991 12 3 60 31  2.5 0  0 18 13 31  0  2 15  1  0  0  0  0 13  0 31
43001 1992  1 3 62 31  3.8 0  0 23  8 31  3  1 17  0  0  0  0  2  8  0 31
43001 1992  2 3 65 29  2.7 0  0 17 12 29  3  1 10  1  0  0  1  1 12  0 29
43001 1992  3 3 63 31  4.1 0  0 22  9 31  5  3 10  2  0  0  0  2  9  0 31
43001 1992  4 3 72 30  3.3 0  0 17 13 30  3  0  8  3  0  0  0  3 13  0 30
43001 1992  5 3 70 31  3.9 0  0 20 11 31  0  0  2  1  7  6  3  1 11  0 31
43001 1992  6 3 79 30 11.2 0  4 20  6 30  0  0  1  1  4 11  6  1  6  0 30
43001 1992  7 3 84 30 15.5 0  9 20  1 30  0  1  2  4  2 18  2  0  1  0 30
43001 1992  8 3 90 31  7.3 0  1 21  9 31  0  0  3  1  1 12  4  1  9  0 31
43001 1992  9 3 86 30  6.6 0  2 16 12 30  2  0  7  1  1  5  1  1 12  0 30
43001 1992 10 3 78 31  4.4 0  0 26  5 31  5  1 15  3  0  1  1  0  5  0 31
43001 1992 11 3 60 30  2.4 0  0 17 13 30  1  2 12  1  0  0  0  1 13  0 30
43001 1992 12 3 61 31  3.7 0  0 25  6 31  1  2 21  1  0  0  0  0  6  0 31
43001 1993  1 3 61 31  3.8 0  0 21 10 31 10  1  8  0  0  0  0  2 10  0 31
43001 1993  2 3 54 28  3.5 0  0 21  7 28  5  1 14  0  0  0  0  1  7  0 28
43001 1993  3 3 62 31  5.0 0  0 30  1 31  6  2 18  2  0  1  0  1  1  0 31
43001 1993  4 3 70 30  2.6 0  0 16 14 30  0  1 10  4  0  1  0  0 14  0 30
43001 1993  5 3 71 30  6.0 0  0 25  5 30  0  0  3  3  2 14  3  0  5  0 30
43001 1993  6 3 82 30  9.1 0  2 25  3 30  0  0  3  3  1 10  8  1  3  1 30
43001 1993  7 3 86 31 14.5 0 11 18  2 31  0  1  1  3  0 17  5  2  2  0 31
43001 1993  8 3 86 31  9.5 0  5 21  5 31  0  0  1  2  2 17  4  0  5  0 31
43001 1993  9 3 88 30  8.4 0  2 23  5 30  2  0  4  3  0  7  8  1  5  0 30
43001 1993 10 3 80 31  3.2 0  0 23  8 31  2  5 15  1  0  0  0  0  8  0 31
43001 1993 11 3 62 30  4.0 0  0 25  5 30  1  3 18  3  0  0  0  0  5  0 30
43001 1993 12 3 62 31  3.8 0  0 25  6 31  0  2 19  4  0  0  0  0  6  0 31
43001 1994  1 3 66 31  3.5 0  0 25  6 31  4  2 19  0  0  0  0  0  6  0 31
43001 1994  2 3 63 28  3.0 0  0 18 10 28  3  5  6  0  0  0  1  2 10  1 28
43001 1994  3 3 64 31  3.0 0  0 21 10 31  4  1 13  1  0  0  0  2 10  0 31
43001 1994  4 3 72 30  3.3 0  0 20 10 30  0  0  7  4  0  1  5  0 10  3 30
43001 1994  5 3 72 29  5.5 0  0 25  4 29  0  0  4  0  2 10  7  0  4  2 29
43001 1994  6 3 85 30 10.0 0  3 23  4 30  0  0  1  2  3 12  7  0  4  1 30
43001 1994  7 3 89 31  9.5 0  2 27  2 31  0  0  0  1  3 23  2  0  2  0 31
43001 1994  8 3 88 30 11.4 0  3 25  2 30  0  0  0  0  1 26  1  0  2  0 30
43001 1994  9 3 86 30  6.3 0  0 25  5 30  1  1  7  2  2 11  0  1  5  0 30
43001 1994 10 3 71 31  3.2 0  0 23  8 31  0  2 20  0  0  1  0  0  8  0 31
43001 1994 11 3 65 29  4.6 0  0 27  2 29  0  5 21  1  0  0  0  0  2  0 29
43001 1994 12 3 62 31  4.1 0  0 23  8 31  2  5 12  2  0  0  1  1  8  0 31
43001 1995  1 3 64 31  3.0 0  0 21 10 31  3  0 16  2  0  0  0  0 10  0 31
43001 1995  2 3 65 28  4.6 0  0 25  3 28  1  1 18  2  0  0  2  1  3  0 28
43001 1995  3 3 61 31  5.2 0  0 30  1 31  7  2 16  3  0  0  0  2  1  0 31
43001 1995  4 3 65 30  4.6 0  0 26  4 30  3  3  7  4  1  0  4  4  4  0 30
43001 1995  5 3 69 30  7.3 0  1 26  3 30  0  0  2  1  8 10  3  2  3  1 30
43001 1995  6 3 75 30  8.5 0  1 22  7 30  0  0  0  0  0 16  6  0  7  1 30
43001 1995  7 3 85 31  8.1 0  2 22  7 31  0  0  0  3  0 14  4  0  7  3 31
43001 1995  8 3 85 31  8.3 0  1 25  5 31  0  0  4  0  0 14  7  0  5  1 31
43001 1995  9 3 83 30  5.8 0  1 21  8 30  0  0  9  1  0  2  8  0  8  2 30
43001 1995 10 3 72 31  4.4 0  0 24  7 31  0  5 16  1  0  0  0  0  7  2 31
43001 1995 11 3 60 30  4.1 0  0 25  5 30  1  1 21  1  0  0  0  1  5  0 30
43001 1995 12 3 60 31  3.8 0  0 23  8 31  4  1 17  0  0  0  0  1  8  0 31
43001 1996  1 3 69 31  3.4 0  0 24  7 31  4  3 16  1  0  0  0  0  7  0 31
43001 1996  2 3 62 29  2.4 0  0 16 13 29  3  6  7  0  0  0  0  0 13  0 29
43001 1996  3 3 69 31  3.6 0  0 22  9 31  3  2 14  2  0  0  0  0  9  1 31
43001 1996  4 3 70 30  2.8 0  0 18 12 30  2  0  8  3  0  1  1  0 12  3 30
43001 1996  5 3 73 31  5.7 0  0 25  6 31  0  0  1  1  2  8  9  2  6  2 31
43001 1996  6 3 80 30  8.0 0  2 24  1 27  0  0  6  2  0 14  3  0  1  1 27
43001 1996  7 3 86 31  9.9 0  5 24  2 31  0  0  3  7  1 12  4  0  2  2 31
43001 1996  8 3 85 31 11.6 0  6 21  4 31  0  0  2  0  1 15  7  2  4  0 31
43001 1996  9 3 84 30  5.8 0  1 23  6 30  1  0  7  3  0  2 10  1  6  0 30
43001 1996 10 3 71 31  4.2 0  1 24  6 31  0  3 15  6  0  0  1  0  6  0 31
43001 1996 11 3 66 30  3.8 0  0 26  4 30  0  1 24  0  0  0  0  1  4  0 30
43001 1996 12 3 59 31  3.4 0  0 22  9 31  2  2 16  2  0  0  0  0  9  0 31
43001 1997  1 3 66 31  3.6 0  0 23  8 31  3  2 15  0  0  0  0  1  8  2 31
43001 1997  2 3 68 28  3.3 0  0 22  6 28  0  2 18  1  0  0  0  1  6  0 28
43001 1997  3 3 60 30  2.3 0  0 15 15 30  4  1  8  2  0  0  0  0 15  0 30
43001 1997  4 3 72 30  1.9 0  0 14 16 30  0  2  5  0  0  0  3  2 16  2 30
43001 1997  5 3 72 30  4.8 0  0 17 13 30  0  0  1  0  0 13  2  0 13  1 30
43001 1997  6 3 84 30  7.6 0  2 23  5 30  0  0  5  2  0 13  3  0  5  2 30
43001 1997  7 3 85 30  8.4 0  2 25  3 30  0  0  0  0  1 21  4  0  3  1 30
43001 1997  8 3 87 31 10.5 0  4 25  2 31  0  0  0  0  0 24  5  0  2  0 31
43001 1997  9 3 86 30  2.4 0  0 14 16 30  0  0  8  1  0  2  1  0 16  2 30
43001 1997 10 3 73 31  4.1 0  0 28  3 31  0  2 24  0  0  0  0  1  3  1 31
43001 1997 11 3 79 30  2.2 0  0 16 14 30  1  0 12  1  0  0  0  2 14  0 30
43001 1997 12 3 79 30  3.0 0  0 23  7 30  4  2 15  1  0  0  0  0  7  1 30
43001 1998  1 3 72 31  3.5 0  0 24  7 31  4  2 17  0  0  0  0  1  7  0 31
43001 1998  2 3 65 28  3.5 0  0 22  6 28  2  1 14  1  0  0  1  3  6  0 28
43001 1998  3 3 65 31  3.0 0  0 20 11 31  4  1 13  1  0  0  1  0 11  0 31
43001 1998  4 3 77 30  1.9 0  0 12 18 30  0  0  2  0  0  2  4  3 18  1 30
43001 1998  5 3 73 31  5.5 0  0 24  7 31  0  0  7  1  1 10  3  0  7  2 31
43001 1998  6 3 80 29  7.0 0  1 22  6 29  0  0  0  2  1 12  1  2  6  5 29
43001 1998  7 3 88 30  8.9 0  3 21  6 30  0  0  1  0  1 16  2  1  6  3 30
43001 1998  8 3 89 30  5.4 0  0 17 13 30  0  0  0  0  0 15  1  0 13  1 30
43001 1998  9 3 88 29  4.0 0  0 14 15 29  0  0  3  1  0  2  4  1 15  3 29
43001 1998 10 3 81 30  1.9 0  0 13 17 30  0  1  8  0  0  0  0  0 17  4 30
43001 1998 11 3 68 30  2.1 0  0 16 14 30  0  0 12  1  0  0  0  1 14  2 30
43001 1998 12 3 61 30  3.3 0  0 23  7 30  0  1 22  0  0  0  0  0  7  0 30
43001 1999  1 3 69 31  3.1 0  0 22  9 31  3  0 18  1  0  0  0  0  9  0 31
43001 1999  2 3 71 27  1.6 0  0 10 17 27  1  1  6  1  0  0  0  1 17  0 27
43001 1999  3 3 64 31  2.9 0  0 19 12 31  3  1 10  0  0  0  1  3 12  1 31
43001 1999  4 3 74 30  2.2 0  0 17 13 30  0  1 12  0  0  1  0  0 13  3 30
43001 1999  5 3 75 31  4.3 0  0 25  6 31  0  2  0  1  0 10  6  0  6  6 31
43001 1999  6 3 85 30  6.1 0  2 21  7 30  0  0  2  0  0 18  2  0  7  1 30
43001 1999  7 3 87 30 12.5 0  6 20  4 30  0  0  1  2  1 20  1  0  4  1 30
43001 1999  8 3 87 30  7.2 0  2 22  6 30  1  0  0  2  0 18  3  0  6  0 30
43001 1999  9 3 87 30  5.0 0  0 21  9 30  2  0  5  5  0  6  3  0  9  0 30
43001 1999 10 3 77 31  2.5 0  0 17 14 31  0  1 16  0  0  0  0  0 14  0 31
43001 1999 11 3 63 30  3.0 0  0 20 10 30  0  2 17  1  0  0  0  0 10  0 30
43001 1999 12 3 62 31  3.1 0  0 20 11 31  0  3 17  0  0  0  0  0 11  0 31
43001 2000  1 3 68 31  3.0 0  0 20 11 31  3  1 14  1  0  0  0  1 11  0 31
43001 2000  2 3 67 29  3.1 0  0 18 11 29  1  2 13  0  0  0  0  2 11  0 29
43001 2000  3 3 62 31  2.5 0  0 18 13 31  0  4 13  0  0  0  0  1 13  0 31
43001 2000  4 3 72 30  2.2 0  0 14 16 30  0  2  0  2  0  6  2  1 16  1 30
43001 2000  5 3 76 31  4.6 0  1 21  9 31  0  0  1  4  1 14  0  0  9  2 31
43001 2000  6 3 83 30 10.0 0  5 19  6 30  0  0  3  3  0 16  2  0  6  0 30
43001 2000  7 3 90 31 16.2 0 11 19  1 31  0  0  0  0  1 23  4  1  1  1 31
43001 2000  8 3 86 31 10.5 0  6 18  7 31  1  0  0  1  0 16  6  0  7  0 31
43001 2001  1 3 65 31  1.8 0  0 11 20 31  1  4  6  0  0  0  0  0 20  0 31
43001 2001  2 3 63 27  2.6 0  0 17 10 27  2  2 11  0  0  0  0  1 10  1 27
43001 2001  3 3 73 31  3.2 0  0 18 13 31  0  2 14  0  0  0  1  0 13  1 31
43001 2001  4 3 66 30  1.2 0  0  9 21 30  0  1  3  1  0  0  1  3 21  0 30
43001 2001  5 3 70 31  5.0 0  0 24  7 31  0  0  0  5  1 14  2  0  7  2 31
43001 2001  6 3 83 30  8.4 0  2 23  5 30  0  0  1  1  3 19  1  0  5  0 30
43001 2001  7 3 88 30  8.6 0  1 23  6 30  0  0  1  0  3 17  3  0  6  0 30
43001 2001  8 3 88 31  6.3 0  2 16 13 31  0  0  0  0  1 12  5  0 13  0 31
43001 2001  9 3 87 30  2.2 0  0 15 15 30  0  1 10  0  0  1  2  1 15  0 30
43001 2001 10 3 73 31  2.7 0  0 17 14 31  0  0 11  1  0  2  3  0 14  0 31
43001 2001 11 3 57 30  2.6 0  0 17 13 30  0  2 11  3  0  0  0  0 13  1 30
43001 2001 12 3 61 31  3.2 0  0 19 12 31  0  0 19  0  0  0  0  0 12  0 31
43001 2002  1 3 61 31  3.3 0  0 17 14 31  3  0 14  0  0  0  0  0 14  0 31
43001 2002  2 3 59 28  2.2 0  0 10 18 28  7  0  3  0  0  0  0  0 18  0 28
43001 2002  3 3 60 30  2.2 0  0 13 17 30  3  0  8  1  0  0  0  1 17  0 30
43001 2002  4 3 68 30  2.1 0  0 16 14 30  3  1  6  3  0  0  2  1 14  0 30
43001 2002  5 3 70 30 11.4 0  2 23  5 30  0  0  2  0  1 13  8  1  5  0 30
43001 2002  6 3 82 30 10.4 0  3 26  1 30  0  0  8  5  0 10  6  0  1  0 30
43001 2002  7 3 80 31 20.4 0 19 12  0 31  0  0  0  0  0 26  5  0  0  0 31
43001 2002  8 3 87 31 15.2 0 13 16  2 31  0  0  1  1  0 15 10  2  2  0 31
43001 2002  9 3 81 30  6.8 0  1 25  4 30  0  0 11  4  0  3  6  2  4  0 30
43001 2002 10 3 70 31  3.5 0  0 22  9 31  0  0 19  2  0  0  0  1  9  0 31
43001 2002 11 3 57 30  3.7 0  0 21  9 30  1  3 13  4  0  0  0  0  9  0 30
43001 2002 12 3 63 31  4.6 0  0 23  8 31  2  2 18  1  0  0  0  0  8  0 31
43001 2003  1 3 62 31  3.1 0  0 17 14 31  5  6  5  1  0  0  0  0 14  0 31
43001 2003  2 3 68 28  4.2 0  0 21  7 28  5  2 14  0  0  0  0  0  7  0 28
43001 2003  3 3 58 31  3.3 0  0 20 11 31  2  0 18  0  0  0  0  0 11  0 31
43001 2003  4 3 70 30  2.4 0  0 12 18 30  2  0  4  2  1  1  1  1 18  0 30
43001 2003  5 3 71 31  8.9 0  1 23  7 31  0  0  1  1  0 14  7  1  7  0 31
43001 2003  6 3 83 30  8.4 0  2 23  5 30  0  0  3  3  4 11  4  0  5  0 30
43001 2003  7 3 90 31 11.9 0  7 23  1 31  0  0  2  6  5 16  1  0  1  0 31
43001 2003  8 3 87 31 12.8 0 10 17  4 31  0  1  2  1  1 14  7  1  4  0 31
43001 2003  9 3 85 30  8.1 0  2 22  6 30  0  0  9  2  0  5  6  1  6  1 30
43001 2003 10 3 68 31  2.2 0  0 14 17 31  0  0 13  0  0  1  0  0 17  0 31
43001 2003 11 3 65 30  3.3 0  0 16 14 30  1  2 13  0  0  0  0  0 14  0 30
43001 2003 12 3 64 31  3.5 0  0 18 13 31  5  1 12  0  0  0  0  0 13  0 31
43001 2004  1 3 70 31  3.9 0  0 21 10 31  3  0 17  1  0  0  0  0 10  0 31
43001 2004  2 3 59 29  3.6 0  0 18 11 29  4  2 11  1  0  0  0  0 11  0 29
43001 2004  3 3 58 31  2.0 0  0 13 18 31  2  0  7  3  1  0  0  0 18  0 31
43001 2004  4 3 74 30  1.2 0  0  7 23 30  0  0  1  2  0  2  2  0 23  0 30
43001 2004  5 3 67 31  7.7 0  0 22  9 31  0  0  1  1  2  9  7  2  9  0 31
43001 2004  6 3 78 30  8.8 0  2 23  5 30  0  0  3  6  0 13  3  0  5  0 30
43001 2004  7 3 86 31  8.0 0  2 20  9 31  0  0  0  3  2 13  4  0  9  0 31
43001 2004  8 3 89 31 17.8 0 13 16  2 31  0  0  0  0  0 16 11  2  2  0 31
43001 2004  9 3 84 30  3.8 0  1 13 16 30  0  0  5  2  0  0  5  2 16  0 30
43001 2004 10 3 67 31  2.9 0  0 18 13 31  0  1 12  5  0  0  0  0 13  0 31
43001 2004 11 3 62 30  2.5 0  0 14 16 30  0  0 13  1  0  0  0  0 16  0 30
43001 2004 12 3 65 31  2.7 0  0 16 15 31  0  1 13  2  0  0  0  0 15  0 31
43001 2005  1 3 65 31  2.0 0  0 11 20 31  3  2  5  1  0  0  0  0 20  0 31
43001 2005  2 3 62 28  2.1 0  1  9 18 28  1  1  6  1  0  0  0  1 18  0 28
43001 2005  3 3 67 31  0.8 0  0  5 26 31  1  0  2  1  0  0  0  1 26  0 31
43001 2005  4 3 63 30  1.0 0  0  7 23 30  0  0  7  0  0  0  0  0 23  0 30
43001 2005  5 3 71 31  2.6 0  0 14 17 31  0  0  0  0  0  6  5  3 17  0 31
43001 2005  6 3 78 30  9.4 0  5 18  7 30  0  0  1  3  0  8  9  2  7  0 30
43001 2005  7 3 87 31 16.1 0 15 11  5 31  1  0  0  0  0 13 10  2  5  0 31
43001 2005  8 3 86 31 12.2 0  9 13  9 31  0  0  1  0  0 12  9  0  9  0 31
43001 2005 10 3 70 31  0.7 0  0  5 26 31  0  0  3  1  0  0  0  1 26  0 31
43001 2005 11 3 60 27  1.7 0  0 14 13 27  1  0  8  4  0  0  0  0 14  0 27
43001 2006  1 3 63 31  2.7 0  0 15 16 31  5  4  4  2  0  0  0  0 16  0 31
43001 2006  2 3 61 28  2.0 0  0 11 17 28  1  1  9  0  0  0  0  0 17  0 28
43001 2006  3 3 67 30  3.2 0  0 15 15 30  2  0  9  2  0  0  0  0 15  2 30
43001 2006  4 3 74 30  2.8 0  1 12 17 30  0  0  6  1  0  0  4  2 17  0 30
43001 2006  5 3 72 31  7.3 0  1 17 13 31  0  0  0  0  0  5 11  2 13  0 31
43001 2006  6 3 80 29  7.3 0  2 16 11 29  0  0  2  3  0  5  6  2 11  0 29
43001 2006  7 3 88 31 18.6 0 13 17  1 31  0  0  1  2  1 16 10  0  1  0 31
43001 2006  8 3 89 31 20.0 0 18 13  0 31  0  0  0  0  2 14 14  1  0  0 31
43001 2006  9 3 88 30  6.4 0  1 23  6 30  1  1  4 10  1  0  2  5  6  0 30
43001 2006 10 3 73 29  2.5 0  0 17 12 29  0  0 12  3  0  0  1  1 12  0 29
43001 2006 11 3 61 30  3.8 0  0 21  9 30  2  2 11  5  0  0  0  1  9  0 30
43001 2006 12 3 71 29  3.5 0  0 23  6 29  1  3 15  4  0  0  0  0  6  0 29
43001 2007  1 3 65 29  2.5 0  0 15 14 29  5  2  6  1  0  0  0  0 14  1 29
43001 2007  2 3 72 28  4.7 0  0 26  2 28  1  0 23  2  0  0  0  0  2  0 28
43001 2007  3 3 61 30  3.8 0  0 24  6 30  4  3 13  3  0  0  0  1  6  0 30
43001 2007  4 3 72 29  3.4 0  0 24  5 29  2  1 10 10  0  0  0  0  5  1 29
43001 2007  5 3 70 30  8.1 0  0 27  3 30  0  0  2  2  1  6 14  2  3  0 30
43001 2007  6 3 81 30  7.8 0  2 26  2 30  0  0  6 10  0  5  6  0  2  1 30
43001 2007  7 3 87 29 12.4 0  7 22  0 29  0  0  4  5  3 12  5  0  0  0 29
43001 2007  8 3 90 30 13.6 0  9 20  1 30  0  0  4  3  1 13  6  1  1  1 30
43001 2007  9 3 90 27  6.3 0  1 23  3 27  0  0 12  8  0  2  1  1  3  0 27
43001 2007 10 3 69 29  4.5 0  0 24  5 29  0  2 20  2  0  0  0  0  5  0 29
43001 2007 11 3 65 30  3.6 0  0 24  6 30  2  1 18  2  0  0  0  0  6  1 30
43001 2007 12 3 65 31  3.6 0  0 22  9 31  4  4 12  1  0  0  0  0  9  1 31
43001 2008  1 3 65 31  4.0 0  0 24  7 31  6  3 15  0  0  0  0  0  7  0 31
43001 2008  2 3 58 28  2.8 0  0 17 11 28  6  3  8  0  0  0  0  0 11  0 28
43001 2008  3 3 71 31  3.2 0  0 21 10 31  0  0 18  3  0  0  0  0 10  0 31
43001 2008  4 3 67 30  3.5 0  0 24  6 30  1  2 17  2  0  0  1  0  6  1 30
43001 2008  5 3 71 31  7.9 0  0 31  0 31  0  1  3  1  0 11 12  1  0  2 31
43001 2008  6 3 85 30 10.2 0  3 24  3 30  0  0  2  3  2 16  2  0  3  2 30
43001 2008  7 3 88 30 12.4 0  5 24  1 30  0  0  2  0  0 17  8  1  1  1 30
43001 2008  8 3 89 29 14.9 0 10 18  1 29  0  0  5  2  0 11  9  1  1  0 29
43001 2008  9 3 88 30  7.9 0  3 24  3 30  1  1 13  5  0  4  2  1  3  0 30
43001 2008 10 3 68 31  4.7 0  0 26  5 31  1  1 22  2  0  0  0  0  5  0 31
43001 2008 11 3 65 29  2.8 0  0 20  9 29  3  3 13  1  0  0  0  0  9  0 29
43001 2008 12 3 70 28  4.5 0  0 24  4 28  3  3 13  5  0  0  0  0  4  0 28
43058 1989  1 3 74 31  5.4 0  0 27  4 31  4 10  7  6  0  0  0  0  4  0 31
43058 1989  2 3 71 28  3.2 0  0 20  8 28  4 13  2  1  0  0  0  0  8  0 28
43058 1989  3 3 80 31  3.0 0  0 17 14 31  3  7  4  2  0  0  0  1 14  0 31
43058 1989  4 3 76 30  3.4 0  0 17 13 30  1  2  5  6  0  2  0  0 13  1 30
43058 1989  5 3 74 31  6.2 0  1 19 11 31  3  0  2  3  2  5  1  2 11  2 31
43058 1989  6 3 84 30 15.5 0  9 19  2 30  0  2  3  7  4 10  0  0  2  2 30
43058 1989  7 3 89 31 19.0 2 11 14  4 31  0  0  1  4  0 13  2  3  4  4 31
43058 1989  8 3 90 31 15.1 0  9 21  1 31  1  1  1  2  0  9  3  7  1  6 31
43058 1989  9 3 89 30  4.6 0  0 23  7 30  2  1  5  7  1  2  0  3  7  2 30
43058 1989 10 3 86 31  2.4 0  0 18 13 31  2  7  5  2  0  0  0  2 13  0 31
43058 1989 11 3 77 30  3.2 0  0 17 13 30  1  5  6  5  0  0  0  0 13  0 30
43058 1989 12 3 70 31  4.7 0  0 26  5 31  2 11  9  4  0  0  0  0  5  0 31
43058 1990  1 3 72 31  3.2 0  0 24  7 31  1 10 10  3  0  0  0  0  7  0 31
43058 1990  2 3 71 28  4.0 0  0 25  3 28  1 15  4  4  1  0  0  0  3  0 28
43058 1990  3 3 77 31  3.8 0  0 22  9 31  0 11  6  5  0  0  0  0  9  0 31
43058 1990  4 3 80 30  2.3 0  0 13 17 30  1  4  2  4  1  0  0  1 17  0 30
43058 1990  5 3 78 31  8.3 0  2 23  6 31  1  0  5  6  4  5  2  1  6  1 31
43058 1990  6 3 85 30 16.3 0 12 17  1 30  0  3  1  8  1  3  9  3  1  1 30
43058 1990  7 3 87 31 21.0 0 19 12  0 31  0  0  0  1  1 15  6  0  0  8 31
43058 1990  8 3 91 31 17.8 0 12 19  0 31  1  0  1  0  1  7  9  6  0  6 31
43058 1990  9 3 91 30 10.1 0  2 26  2 30  0  0 12  2  0  9  3  1  2  1 30
43058 1990 10 3 84 31  7.0 0  1 29  1 31  0 10  9  8  2  0  0  1  1  0 31
43058 1990 11 3 76 30  4.2 0  0 22  8 30  2  5 12  3  0  0  0  0  8  0 30
43058 1990 12 3 72 31  5.3 0  0 24  7 31  0 10 11  2  0  0  0  1  7  0 31
43058 1991  1 3 73 30  4.5 0  0 27  3 30  5  9 11  2  0  0  0  0  3  0 30
43058 1991  2 3 77 28  4.1 0  0 25  3 28  4 15  4  2  0  0  0  0  3  0 28
43058 1991  3 3 85 31  3.6 0  0 27  4 31  2 13 11  1  0  0  0  0  4  0 31
43058 1991  4 3 81 29  3.1 0  0 19 10 29  0  8  5  6  0  0  0  0 10  0 29
43058 1991  5 3 79 31  3.4 0  0 18 13 31  1  2  1  5  1  0  0  6 13  2 31
43058 1991  6 3 87 30 12.6 0  7 18  5 30  1  0  0  5  1  5  2  9  5  2 30
43058 1991  7 3 90 31 21.6 1 18 11  1 31  0  1  1  2  0 11  6  3  1  6 31
43058 1991  8 3 87 31 16.9 0 14 17  0 31  0  0  0  1  0  9  3  6  0 12 31
43058 1991  9 3 88 30  6.7 0  1 21  8 30  0  3  6  8  0  1  1  2  8  1 30
43058 1991 10 3 80 31  3.8 0  0 23  8 31  0 10  8  4  0  0  0  1  8  0 31
43058 1991 11 3 75 30  4.2 0  0 27  3 30  0 13 11  3  0  0  0  0  3  0 30
43058 1991 12 3 75 31  5.4 0  0 30  1 31  0  9 12  9  0  0  0  0  1  0 31
43058 1992  1 3 73 31  3.9 0  0 26  5 31  1  5  8 12  0  0  0  0  5  0 31
43058 1992  2 3 75 29  4.4 0  0 29  0 29  1 14  9  5  0  0  0  0  0  0 29
43058 1992  3 3 83 31  2.1 0  0 19 12 31  2  8  3  6  0  0  0  0 12  0 31
43058 1992  4 3 81 30  3.3 0  0 23  7 30  5  9  4  3  1  0  0  1  7  0 30
43058 1992  5 3 75 31  6.0 0  0 28  3 31  2  3  1  8  3  6  2  2  3  1 31
43058 1992  6 3 80 30 12.6 0  7 22  1 30  3  1  0  4  0 10  0  7  1  4 30
43058 1992  7 3 88 31 14.9 0 10 20  1 31  0  0  0  6  1 12  5  2  1  4 31
43058 1992  8 3 91 31 10.2 0  4 25  2 31  0  0  0  8  0  7  2  2  2 10 31
43058 1992  9 3 89 30  7.2 0  2 23  5 30  1  4  5  4  1  7  1  0  5  2 30
43058 1992 10 3 87 31  5.0 0  0 28  3 31  0  8 13  5  0  1  0  1  3  0 31
43058 1992 11 3 72 30  4.2 0  0 27  3 30  0  8 14  5  0  0  0  0  3  0 30
43058 1992 12 3 76 31  4.5 0  0 26  5 31  0  3 12 10  0  0  0  1  5  0 31
43058 1993  1 3 73 31  4.3 0  0 28  3 31  0 16  5  7  0  0  0  0  3  0 31
43058 1993  2 3 68 28  4.0 0  0 25  3 28  2  8 10  5  0  0  0  0  3  0 28
43058 1993  3 3 78 31  3.5 0  0 25  6 31  0  4 17  3  0  1  0  0  6  0 31
43058 1993  4 3 82 30  2.0 0  0 15 15 30  1  4  3  4  1  0  0  1 15  1 30
43058 1993  5 3 79 31  5.4 0  2 18 11 31  0  0  1  4  1  7  1  5 11  1 31
43058 1993  6 3 87 30 13.3 0  8 18  4 30  1  0  1  5  1 12  1  5  4  0 30
43058 1993  7 3 88 31 20.9 0 16 15  0 31  0  0  0  4  0 10  5  7  0  5 31
43058 1993  8 3 87 31 15.1 0  8 23  0 31  1  0  1  2  1 12  5  4  0  5 31
43058 1993  9 3 89 30  9.4 0  1 26  3 30  2  1  3 10  1  1  1  6  3  2 30
43058 1993 10 3 87 31  2.5 0  0 14 17 31  0  5  5  3  1  0  0  0 17  0 31
43058 1993 11 3 72 30  4.2 0  0 22  8 30  0  7 13  1  0  1  0  0  8  0 30
43058 1993 12 3 74 31  4.1 0  0 28  3 31  0  5 14  9  0  0  0  0  3  0 31
43058 1994  1 3 76 31  5.2 0  0 30  1 31  1  7 14  8  0  0  0  0  1  0 31
43058 1994  2 3 78 28  5.7 0  0 27  1 28  1 11 12  3  0  0  0  0  1  0 28
43058 1994  3 3 82 31  4.7 0  1 27  3 31  2  4 10 11  0  1  0  0  3  0 31
43058 1994  4 3 78 30  3.2 0  0 21  9 30  1  9  3  7  1  0  0  0  9  0 30
43058 1994  5 3 76 31  5.7 0  0 25  6 31  4  4  2  3  1  4  1  5  6  1 31
43058 1994  6 3 85 30 13.1 0  9 20  1 30  0  2  0  4  3  9  4  1  1  6 30
43058 1994  7 3 88 31 24.7 2 13 16  0 31  0  0  1  1  0 21  6  0  0  2 31
43058 1994  8 3 88 31 21.3 0 20 11  0 31  0  0  1  0  0 25  5  0  0  0 31
43058 1994  9 3 89 30 12.9 0  9 18  3 30  0  1  4 10  0 10  1  0  3  1 30
43058 1994 10 3 84 31  3.6 0  0 21 10 31  0  1 18  2  0  0  0  0 10  0 31
43058 1994 11 3 74 30  3.6 0  0 25  5 30  1  3 13  6  1  0  0  1  5  0 30
43058 1994 12 3 74 31  4.0 0  0 28  3 31  0  6 16  6  0  0  0  0  3  0 31
43058 1995  1 3 75 31  4.5 0  0 26  5 31  0  5 15  6  0  0  0  0  5  0 31
43058 1995  2 3 80 28  4.9 0  0 25  3 28  1  8 13  3  0  0  0  0  3  0 28
43058 1995  3 3 77 31  4.7 0  0 28  3 31  4  7 13  3  0  0  0  1  3  0 31
43058 1995  4 3 75 30  5.6 0  1 25  4 30  4  3  7  5  0  0  0  6  4  1 30
43058 1995  5 3 75 31  8.2 0  2 29  0 31  1  3  2  5  2  4  3  7  0  4 31
43058 1995  6 3 82 30 10.0 0  1 28  1 30  0  2  0  7  2 11  1  3  1  3 30
43058 1995  7 3 87 31 18.3 0 11 20  0 31  0  0  3  3  0 14  3  1  0  7 31
43058 1995  8 3 87 31 11.2 0  5 25  1 31  0  4  1  5  0  7  2  4  1  7 31
43058 1995  9 3 89 30  7.5 0  0 29  1 30  0  4  6 13  0  2  1  2  1  1 30
43058 1995 10 3 84 31  4.3 0  0 27  4 31  3  3 12  9  0  0  0  0  4  0 31
43058 1995 11 3 77 30  4.8 0  0 29  1 30  0  3 18  8  0  0  0  0  1  0 30
43058 1995 12 3 79 31  3.8 0  0 27  4 31  1  3 17  6  0  0  0  0  4  0 31
43058 1996  1 3 82 31  4.4 0  0 29  2 31  1  7 19  2  0  0  0  0  2  0 31
43058 1996  2 3 76 29  6.4 0  0 28  1 29  5 10 13  0  0  0  0  0  1  0 29
43058 1996  3 3 82 31  6.1 0  0 24  7 31  2 13  5  3  1  0  0  0  7  0 31
43058 1996  4 3 81 30  5.2 0  0 24  6 30  3 11  4  4  2  0  0  0  6  0 30
43058 1996  5 3 78 31  9.2 0  0 28  3 31  4  6  0  5  0  3  1  9  3  0 31
43058 1996  6 3 84 30 22.2 1 13 15  1 30  0  2  1  8  3 12  2  1  1  0 30
43058 1996  7 3 90 31 10.2 0  4 26  1 31  0  0  1  7  3  5  1  1  1 12 31
43058 1996  8 3 87 31 12.8 0  7 21  3 31  4  1  0  1  0  8  2  3  3  9 31
43058 1996  9 3 90 30  6.2 0  0 28  2 30  1  4  8 13  0  1  0  1  2  0 30
43058 1996 10 3 82 31  8.1 0  3 24  4 31  6  6  6  7  2  0  0  0  4  0 31
43058 1996 11 3 79 30  6.4 0  0 29  1 30  0  3 23  3  0  0  0  0  1  0 30
43058 1996 12 3 75 31  5.4 0  0 30  1 31  1  5 18  6  0  0  0  0  1  0 31
43058 1997  1 3 76 31  5.6 0  0 31  0 31  1  6 23  1  0  0  0  0  0  0 31
43058 1997  2 3 80 28  6.2 0  0 27  1 28  1 14 10  2  0  0  0  0  1  0 28
43058 1997  3 3 77 31  3.6 0  0 26  5 31  4  1 14  7  0  0  0  0  5  0 31
43058 1997  4 3 77 30  5.4 0  0 29  1 30  0  8 14  5  1  1  0  0  1  0 30
43058 1997  5 3 73 31  4.4 0  0 24  7 31  3  2  5  8  0  2  0  4  7  0 31
43058 1997  6 3 85 30 11.0 0  6 17  7 30  0  0  4  4  0 10  1  0  7  4 30
43058 1997  7 3 87 31 18.1 0 14 16  1 31  0  0  0  0  1 16  1  5  1  7 31
43058 1997  8 3 86 31 13.4 0  7 24  0 31  0  0  0  1  0 10  6  2  0 12 31
43058 1997  9 3 88 30 11.8 0  2 28  0 30  0  1  3 21  0  3  1  1  0  0 30
43058 1997 10 3 83 31  7.3 0  0 29  2 31  1 11  9  7  1  0  0  0  2  0 31
43058 1997 11 3 81 30  6.3 0  0 28  2 30  0  3 14 11  0  0  0  0  2  0 30
43058 1997 12 3 84 31  7.5 0  0 31  0 31  0 12 13  6  0  0  0  0  0  0 31
43058 1998  1 3 80 30  6.0 0  0 27  3 30  0  3 20  4  0  0  0  0  3  0 30
43058 1998  2 3 71 28  4.0 0  0 21  7  0  1  5 17  4  0  0  0  0  0  1 28
43058 1998  3 3 78 31  5.4 0  0 31  0 31  2 13 13  3  0  0  0  0  0  0 31
43058 1998  4 3 80 30  5.5 0  0 29  1 30  0 10  9  5  0  0  2  3  1  0 30
43058 1998  5 3 74 31  7.1 0  0 31  0 31  2  3  4  9  3  6  0  2  0  2 31
43058 1998  6 3 82 30 11.5 0  3 27  0 30  1  5  3  6  2  4  3  1  0  5 30
43058 1998  7 3 88 31 18.0 0 13 17  1 31  0  2  2  4  0 15  3  2  1  2 31
43058 1998  8 3 89 30 10.1 0  6 22  2 30  1  2  3  3  1  5  4  3  2  6 30
43058 1998  9 3 90 30  7.3 0  1 27  2 30  2  6  4  6  0  2  1  4  2  3 30
43058 1998 10 3 86 31  8.3 0  2 27  2 31  0  5 10  9  1  2  0  2  2  0 31
43058 1998 11 3 83 29  4.7 0  0 27  2 29  0  5 13  9  0  0  0  0  2  0 29
43058 1998 12 3 70 31  5.0 0  0 29  2 31  0  2 21  6  0  0  0  0  2  0 31
43058 1999  1 3 75 31  5.0 0  0 31  0 31  0  5 23  3  0  0  0  0  0  0 31
43058 1999  2 3 74 28  4.1 0  0 28  0 28  1 11  9  7  0  0  0  0  0  0 28
43058 1999  3 3 76 31  4.3 0  0 29  2 31  2 13  8  5  0  0  0  0  2  1 31
43058 1999  4 3 82 30  6.7 1  0 27  2 30  0  6 12  7  1  1  0  0  2  1 30
43058 1999  5 3 78 31  5.7 0  0 31  0 31  2  1  7 11  0  4  2  3  0  1 31
43058 1999  6 3 87 30 15.6 0  7 23  0 30  0  0  1 14  1  3  1  6  0  0 26
43058 1999  7 3 87 31 25.5 0 21 10  0 31  0  0  1  2  0  7  2  3  0  0 15
43058 1999  8 3 86 31 16.8 0 12 16  3 31  0  0  2  2  0  9  2  5  3  1 24
43058 1999  9 3 88 30  9.0 0  0 29  1 30  1  2  7  7  0  2  1  5  1  0 26
43058 1999 10 3 84 31  4.1 0  0 26  5 31  0  8 11  7  0  0  0  0  5  0 31
43058 1999 11 3 71 30  4.9 0  0 30  0 30  1  9 16  4  0  0  0  0  0  0 30
43058 1999 12 3 69 30  4.4 0  0 28  2 30  0  4 18  6  0  0  0  0  2  0 30
43058 2000  1 3 73 31  5.2 0  0 31  0 31  0 11 13  5  0  2  0  0  0  0 31
43058 2000  2 3 76 29  6.1 0  0 28  1 29  0 10 10  8  0  0  0  0  1  0 29
43058 2000  3 3 76 31  4.7 0  0 31  0 31  0  9 18  4  0  0  0  0  0  0 31
43058 2000  4 3 79 30  4.3 0  0 28  2 30  2  4 10  6  1  1  0  4  2  0 30
43058 2000  5 3 79 31  7.6 0  2 27  2 31  1  1  4  9  7  7  0  0  2  0 31
43058 2000  6 3 85 30 13.1 0  8 17  5 30  0  0  4  3  0  6  2  3  5  0 23
43058 2000  7 3 85 31 20.1 0 14 16  1 31  0  0  0  0  1 10  5  3  1  0 20
43058 2000  8 3 86 31 16.4 0 14 14  3 31  0  1  0  2  1  6  2  8  3  1 24
43058 2000  9 3 85 30  8.9 0  2 24  4 30  0  7  4  5  0  2  1  2  4  1 26
43058 2000 10 3 85 31  5.2 0  0 31  0 31  0  4 19  7  0  1  0  0  0  0 31
43058 2000 11 3 76 30  4.0 0  0 28  2 30  0  0 21  7  0  0  0  0  2  0 30
43058 2000 12 3 66 31  5.0 0  0 31  0 31  0  2 13 16  0  0  0  0  0  0 31
43058 2001  1 3 75 31  3.7 0  0 30  1 31  0 16  8  6  0  0  0  0  1  0 31
43058 2001  2 3 80 28  4.8 0  0 27  1 28  0 23  3  1  0  0  0  0  1  0 28
43058 2001  3 3 84 31  5.2 0  0 27  4 31  0  9 11  7  0  0  0  0  4  0 31
43058 2001  4 3 79 30  3.4 0  0 22  8 30  0  7  6  7  0  0  0  1  8  1 30
43058 2001  5 3 76 30  8.4 0  2 25  3 30  1  6  2  9  6  1  0  1  3  0 29
43058 2001  6 3 82 30 21.2 2 10 17  1 30  0  0  1  4  1 16  2  0  1  0 25
43058 2001  7 3 86 31 21.9 0 17 13  1 31  0  0  0  0  1 14  2  0  1  0 18
43058 2001  8 3 87 30 17.5 0 10 19  1 30  0  0  0  0  1  7  2  5  1  1 17
43058 2001  9 3 87 30  7.4 0  1 27  2 30  0  3  9 12  0  1  0  3  2  0 30
43058 2001 10 3 82 31  6.0 0  0 29  2 31  2  5  9  8  1  1  0  3  2  0 31
43058 2001 11 3 71 30  4.2 0  0 28  2 30  0  5 11 12  0  0  0  0  2  0 30
43058 2001 12 3 72 30  3.2 0  0 29  1 30  0  6 15  8  0  0  0  0  1  0 30
43058 2002  1 3 69 31  4.7 0  0 31  0 31  0  6 18  7  0  0  0  0  0  0 31
43058 2002  2 3 69 28  4.9 0  0 26  2 28  1 10 10  4  1  0  0  0  2  0 28
43058 2002  3 3 73 31  4.0 0  0 28  3 31  3  9  9  4  2  0  0  1  3  0 31
43058 2002  4 3 78 30  2.9 0  1 18 11 30  0  2 10  6  1  0  0  0 11  0 30
43058 2002  5 3 75 31  9.2 0  3 22  6 31  2  0  0  1  1  4  5  8  6  1 28
43058 2002  6 3 83 30 13.3 0  7 21  2 30  1  1  1  5  3  5  2  5  2  1 26
43058 2002  7 3 84 31 21.4 0 20 11  0 31  0  0  0  0  0 11  9  5  0  1 26
43058 2002  8 3 88 31 21.0 0 18 13  0 31  1  0  2  3  0 11  6  8  0  0 31
43058 2002  9 3 88 30  8.6 0  2 27  1 30  1  1  9 13  0  0  0  5  1  0 30
43058 2002 10 3 79 31  4.1 0  0 26  5 31  1  3 12  9  1  0  0  0  5  0 31
43058 2002 11 3 75 30  3.7 0  0 25  5 30  0  6 12  7  0  0  0  0  5  0 30
43058 2002 12 3 75 31  4.6 0  0 30  1 31  0  8 15  7  0  0  0  0  1  0 31
43058 2003  1 3 75 31  3.6 0  0 27  4 31  2  7 11  6  1  0  0  0  4  0 31
43058 2003  2 3 81 28  4.1 0  0 25  3 28  0 12 10  3  0  0  0  0  3  0 28
43058 2003  3 3 75 31  4.6 0  0 30  1 31  0 17 11  2  0  0  0  0  1  0 31
43058 2003  4 3 77 30  3.5 0  0 21  9 30  4  8  3  4  1  1  0  0  9  0 30
43058 2003  5 3 75 31  7.8 0  1 29  1 31  2  3  4  4  2  0  3 11  1  1 31
43058 2003  6 3 85 30 13.2 0  7 22  1 30  0  1  2  5  5  9  3  3  1  1 30
43058 2003  7 3 88 31 20.0 0 14 17  0 31  0  0  2  7  5 11  3  1  0  0 29
43058 2003  8 3 85 31 19.4 0 16 15  0 31  1  1  1  2  2 12  5  7  0  0 31
43058 2003  9 3 88 30 12.4 0  7 22  1 30  0  2  8  8  0  3  1  7  1  0 30
43058 2003 10 3 80 31  6.2 0  0 28  3 31  0  6 15  3  0  2  0  2  3  0 31
43058 2003 11 3 75 30  3.6 0  0 28  2 30  0 11 14  3  0  0  0  0  2  0 30
43058 2003 12 3 73 31  3.7 0  0 30  1 31  0  7 20  3  0  0  0  0  1  0 31
43058 2004  1 3 76 31  4.5 0  0 31  0 31  2 12 10  6  0  0  1  0  0  0 31
43058 2004  2 3 71 29  3.8 0  0 28  1 29  4 16  8  0  0  0  0  0  1  0 29
43058 2004  3 3 76 31  5.6 0  0 30  1 31  1 16  9  3  0  0  0  1  1  0 31
43058 2004  4 3 82 30  4.7 0  0 28  2 30  2 12  9  4  1  0  0  0  2  0 30
43058 2004  5 3 77 31  6.7 0  0 29  2 31  2  5  8  8  0  4  1  1  2  0 31
43058 2004  6 3 85 30 18.9 0 14 16  0 30  0  1  1  6  2 13  2  5  0  0 30
43058 2004  7 3 88 31 17.6 0 13 18  0 31  0  3  2  4  0 17  3  2  0  0 31
43058 2004  8 3 86 31 27.2 0 27  4  0 31  0  0  0  0  0 20  8  2  0  0 30
43058 2004  9 3 89 30  7.0 0  1 28  1 30  1  7  6  7  1  1  2  3  1  1 30
43058 2004 10 3 79 31  5.3 0  0 25  6 31  0  8 10  7  0  0  0  0  6  0 31
43058 2004 11 3 75 30  4.1 0  0 25  5 30  0 10 13  2  0  0  0  0  5  0 30
43058 2004 12 3 72 31  6.5 0  0 26  1 27  0 11 18  1  0  0  0  0  1  0 31
43058 2005  1 3 73 31  7.2 0  0 29  2 31  0 16 12  1  0  0  0  0  2  0 31
43058 2005  2 3 74 28  6.4 0  0 28  0 28  1 20  6  0  0  0  0  0  0  1 28
43058 2005  3 3 78 31  5.0 0  0 30  1 31  0 22  5  0  0  2  0  0  1  1 31
43058 2005  4 3 77 30  3.8 0  0 23  7 30  1 10  9  2  0  1  0  0  7  0 30
43058 2005  5 3 76 31  3.6 0  0 28  3 31  2  6  6  3  5  1  1  4  3  0 31
43058 2005  6 3 83 30 14.9 0  9 17  4 30  4  2  0  4  1  8  1  4  4  2 30
43058 2005  7 3 86 31 23.2 0 18 12  0 30  0  2  3  1  0 15  2  5  0  3 31
43058 2005  8 3 87 31 23.7 0 20 11  0 31  0  0  3  3  0 15  3  7  0  0 31
43058 2005 10 3 84 31  5.9 0  0 26  5 31  0 10 12  3  0  1  0  0  5  0 31
43058 2005 11 3 73 28  5.7 0  0 28  0 28  0  9 16  2  0  1  0  0  0  0 28
43058 2005 12 3 75 30  5.0 0  0 30  0 30  0 13 16  1  0  0  0  0  0  0 30
43058 2006  1 3 71 31  5.4 0  0 30  1 31  1 12 15  2  0  0  0  0  1  0 31
43058 2006  2 3 73 28  5.2 0  0 28  0 28  2 11 13  2  0  0  0  0  0  0 28
43058 2006  3 3 80 31  5.4 0  0 30  1 31  0 15 14  1  0  0  0  0  1  0 31
43058 2006  4 3 85 30  4.8 0  0 28  2 30  2 13 10  2  0  0  0  0  2  1 30
43058 2006  5 3 81 30  5.8 0  1 27  2 30  1 13  5  4  1  1  1  2  2  0 30
43058 2006  6 3 87 29 10.8 0  4 25  0 29  0  2  7 13  0  5  0  1  0  1 29
43058 2006  7 3 89 30 31.2 0 29  1  0 30  0  0  0  0  0 29  1  0  0  0 30
43058 2006  8 3 87 31 26.8 0 26  5  0 31  0  0  0  0  0 29  0  1  0  1 31
43058 2006  9 3 89 30  8.0 0  5 23  2 30  2  3  7  9  1  2  1  3  2  0 30
43058 2006 10 3 82 31  4.7 0  1 23  7 31  0  7 12  2  1  0  0  2  7  0 31
43058 2006 11 3 75 30  4.0 0  0 23  7 30  0 13  6  3  0  0  1  0  7  0 30
43058 2006 12 3 76 31  6.4 0  0 31  0 31  0 15 14  2  0  0  0  0  0  0 31
43058 2007  1 3 75 30  6.0 0  0 30  0 30  1 17 10  2  0  0  0  0  0  0 30
43058 2007  2 3 78 27  7.0 0  0 27  0 27  0 11 12  4  0  0  0  0  0  0 27
43058 2007  4 3 83 29  5.9 0  0 28  1 29  1  9 11  5  1  1  0  0  1  0 29
43058 2007  5 3 76 29  4.4 0  0 29  0 29  0  1  6  5  6  1  0 10  0  0 29
43058 2007  6 3 84 30 11.9 0  5 25  0 30  0  2  3 14  0  6  1  3  0  1 30
43058 2007  7 3 87 30 22.2 0 18 12  0 30  0  1  3  3  1 20  1  0  0  1 30
43058 2007  8 3 88 31 21.8 0 19 12  0 31  0  0  4  4  0 21  1  0  0  1 31
43058 2007  9 3 89 30 13.5 0  8 22  0 30  0  3 10  7  0  8  0  1  0  1 30
43058 2007 10 3 81 31  5.2 0  0 30  1 31  0 16 11  2  1  0  0  0  1  0 31
43058 2007 11 3 76 30  6.2 0  0 30  0 30  0 19 10  1  0  0  0  0  0  0 30
43058 2007 12 3 74 31  6.0 0  0 31  0 31  1 20  8  2  0  0  0  0  0  0 31
43058 2008  1 3 78 31  5.8 0  0 31  0 31  0 23  7  1  0  0  0  0  0  0 31
43058 2008  2 3 77 29  5.6 0  0 29  0 29  0 20  8  1  0  0  0  0  0  0 29
43058 2008  3 3 82 30  6.0 0  0 30  0 30  0 21  8  1  0  0  0  0  0  0 30
43058 2008  4 3 81 30  6.4 0  1 28  1 30  0 14  9  5  0  0  0  1  1  0 30
43058 2008  5 3 76 31  7.9 0  1 30  0 31  1  4  9  5  0  3  1  7  0  1 31
43058 2008  6 3 84 28 24.4 0 19  8  0 27  0  0  0  5  4 16  2  0  0  1 28
43058 2008  7 3 90 31 24.6 0 22  9  0 31  0  0  2  1  0 21  1  1  0  5 31
43058 2008  8 3 93 31 12.5 0  6 24  1 31  0  3  4  1  0  5  3  3  1 11 31
43058 2008  9 3 90 30  9.0 0  3 27  0 30  0  5 14  3  1  2  0  1  0  4 30
43058 2008 11 3 76 30  4.7 0  0 28  2 30  0 17  8  3  0  0  0  0  2  0 30
43058 2008 12 3 77 29  6.7 0  0 29  0 29  0 12 16  1  0  0  0  0  0  0 29
43110 1988  1 3 68 30  6.0 0  0 25  5 30  0  1 18  6  0  0  0  0  5  0 30
43110 1988  2 3 73 29  5.3 0  0 24  5 29  3 10  5  4  0  0  0  2  5  0 29
43110 1988  3 3 77 30  6.2 0  0 27  3 30 10 11  2  1  1  0  0  2  3  0 30
43110 1988  4 3 77 30  4.6 0  0 22  8 30  2  3  4  7  3  0  0  3  8  0 30
43110 1988  5 3 75 31  6.3 0  0 28  3 31  4  2  0  0  1  3  0 18  3  0 31
43110 1988  6 3 87 30  6.4 0  1 27  2 30  0  1  3  8  5  6  2  3  2  0 30
43110 1988  7 3 91 31  5.8 0  0 20 11 31  0  0  1  3  0  2 13  1 11  0 31
43110 1988  8 3 93 31  4.7 0  0 23  8 31  0  3  2  2  1  0 15  0  8  0 31
43110 1988  9 3 91 29  3.3 0  0 20  9 29  2  0  3  8  1  0  6  0  9  0 29
43110 1988 10 3 73 31  3.1 0  0 21 10 31  1  6  5  5  2  0  0  2 10  0 31
43110 1988 11 3 54 30  4.4 0  0 27  3 30  0 11  9  5  1  0  0  1  3  0 30
43110 1988 12 3 56 31  4.5 0  0 25  6 31  0  6 14  5  0  0  0  0  6  0 31
43110 1989  1 3 66 31  2.4 0  0 15 16 31  0  2  8  3  0  0  1  1 16  0 31
43110 1989  2 3 50 28  2.2 0  0 11 17 28  5  1  5  0  0  0  0  0 17  0 28
43110 1989  3 3 68 31  2.7 0  0 19 12 31  5  3  4  2  1  1  0  3 12  0 31
43110 1989  4 3 73 30  2.8 0  0 15 15 30  6  4  0  3  0  0  2  0 15  0 30
43110 1989  5 3 72 31  4.1 0  0 19 12 31  1  0  1  0  1  2  6  7 12  1 31
43110 1989  6 3 90 30  4.7 0  0 21  9 30  0  1  0  4  4  4  8  0  9  0 30
43110 1989  7 3 91 31  6.7 0  2 20  9 31  0  2  3  2  1  3  7  4  9  0 31
43110 1989  8 3 89 31  7.8 0  0 29  2 31  1  0  1  1  0  1 16  9  2  0 31
43110 1989  9 3 89 30  3.1 0  0 21  9 30  2  1  2 10  2  0  1  2  9  1 30
43110 1989 10 3 79 31  2.5 0  0 17 14 31  2  0  0 11  2  1  0  1 14  0 31
43110 1989 11 3 52 30  5.2 0  0 28  2 30  0  3 13 11  0  0  0  0  2  1 30
43110 1989 12 3 53 31  5.6 0  0 30  1 31  1  0 17 12  0  0  0  0  1  0 31
43110 1990  1 3 48 31  4.2 0  0 29  2 31  0  3 20  6  0  0  0  0  2  0 31
43110 1990  2 3 61 28  4.1 0  0 24  4 28  1  5 13  4  0  0  0  0  4  1 28
43110 1990  3 3 67 31  4.6 0  0 29  2 31  6  9  2  9  0  1  0  1  2  1 31
43110 1990  4 3 73 30  4.4 0  0 27  3 30 11  7  1  1  4  0  0  3  3  0 30
43110 1990  5 3 81 31  3.6 0  0 24  7 31  4  2  0  8  4  0  4  2  7  0 31
43110 1990  6 3 88 30  6.5 0  0 28  2 30  2  0  1  6  4  4  8  3  2  0 30
43110 1990  7 3 88 31  9.0 0  1 30  0 31  0  0  0  0  1  2 24  4  0  0 31
43110 1990  8 3 90 31  8.1 0  1 28  2 31  0  1  0  0  0  2 20  6  2  0 31
43110 1990  9 3 91 30  3.3 0  0 19 11 30  0  0  2  9  1  0  4  3 11  0 30
43110 1990 10 3 73 31  5.1 0  0 27  4 31  1  0  7 14  3  1  0  0  4  1 31
43110 1990 11 3 65 30  5.4 0  0 26  4 30  0  3 12 10  0  1  0  0  4  0 30
43110 1990 12 3 58 31  8.9 0  2 27  2 31  0  1 15 13  0  0  0  0  2  0 31
43110 1991  1 3 64 31  5.8 0  0 28  3 31  0  4 15  8  0  0  0  1  3  0 31
43110 1991  2 3 65 28  4.5 0  0 25  3 28  2  7 10  6  0  0  0  0  3  0 28
43110 1991  3 3 74 31  4.3 0  0 27  4 31  6  8  2  9  2  0  0  0  4  0 31
43110 1991  4 3 75 30  4.6 0  0 26  4 30  5  4  2  7  4  1  0  3  4  0 30
43110 1991  5 3 73 31  5.2 0  0 26  5 31 12  7  1  1  1  1  1  2  5  0 31
43110 1991  6 3 87 30  4.5 0  0 21  9 30  2  3  0  4  0  1  3  8  9  0 30
43110 1991  7 3 90 31  8.5 0  4 23  4 31  0  1  0  3  0  2 17  4  4  0 31
43110 1991  8 3 90 31  6.2 0  0 23  8 31  1  0  0  0  0  2 14  6  8  0 31
43110 1991  9 3 87 30  1.6 0  0 15 15 30  2  3  2  4  2  0  0  2 15  0 30
43110 1991 10 3 74 31  1.9 0  0 13 18 31  3  4  3  3  0  0  0  0 18  0 31
43110 1991 11 3 66 30  4.1 0  0 27  3 30  0  1 15 10  1  0  0  0  3  0 30
43110 1991 12 3 57 31  6.7 0  0 30  1 31  1  4 13 11  1  0  0  0  1  0 31
43110 1992  1 3 52 31  4.2 0  1 20 10 31  0  3  9  9  0  0  0  0 10  0 31
43110 1992  2 3 63 29  3.1 0  0 17 12 29  4  6  5  2  0  0  0  0 12  0 29
43110 1992  3 3 72 31  3.1 0  0 22  9 31  5  1  5  8  2  1  0  0  9  0 31
43110 1992  4 3 71 30  4.5 0  0 22  8 30  8  4  0  2  2  2  0  4  8  0 30
43110 1992  5 3 73 31  3.9 0  0 22  9 31  2  5  1  3  2  1  4  4  9  0 31
43110 1992  6 3 83 30  5.9 0  0 28  2 30  6  3  1  2  1  1  4 10  2  0 30
43110 1992  7 3 89 31  6.9 0  0 31  0 31  0  0  1  8  1  3  9  9  0  0 31
43110 1992  8 3 89 31  5.6 0  0 28  3 31  1  2  1  6  1  0 13  3  3  0 30
43110 1992  9 3 86 30  3.4 0  0 25  5 30  1  8  1  3  1  1  7  3  5  0 30
43110 1992 10 3 81 31  3.6 0  0 27  4 31  2  5  7 10  2  0  1  0  4  0 31
43110 1992 11 3 59 30  5.5 0  0 29  1 30  1  1 17  9  0  1  0  0  1  0 30
43110 1992 12 3 50 31  7.0 0  1 30  0 31  0  0 20 11  0  0  0  0  0  0 31
43110 1993  1 3 62 31  4.0 0  0 27  4 31  0  5 10 12  0  0  0  0  4  0 31
43110 1993  2 3 59 28  5.5 0  0 28  0 28  1  5 15  5  1  0  0  1  0  0 28
43110 1993  3 3 66 31  4.0 0  0 27  4 31  5  5  5  9  2  0  1  0  4  0 31
43110 1993  4 3 75 30  5.0 0  0 28  2 30  8  7  2  5  3  0  0  3  2  0 30
43110 1993  5 3 75 31  4.4 0  0 26  5 31  7  1  1  3  4  2  2  6  5  0 31
43110 1993  6 3 85 30  5.2 0  0 27  3 30  4  1  2  4  1  6  4  5  3  0 30
43110 1993  7 3 89 31  6.2 0  0 29  2 31  0  0  2  2  2  5 15  3  2  0 31
43110 1993  8 3 89 31  5.0 0  0 29  2 31  0  3  1  2  1  3 15  4  2  0 31
43110 1993  9 3 91 30  3.4 0  0 25  5 30  3  1  4  5  3  2  4  3  5  0 30
43110 1993 10 3 83 31  3.0 0  0 25  6 31  3  1  8 11  2  0  0  0  6  0 31
43110 1993 11 3 55 30  6.4 0  1 26  3 30  0  4 12  7  3  1  0  0  3  0 30
43110 1993 12 3 50 31  5.4 0  0 31  0 31  0  2 18 10  1  0  0  0  0  0 31
43110 1994  1 3 61 31  4.3 0  0 31  0 31  1  4 14 10  1  0  1  0  0  0 31
43110 1994  2 3 59 28  3.9 0  0 26  2 28  1 12  6  5  1  0  0  1  2  0 28
43110 1994  3 3 78 31  2.9 0  0 23  8 31  0  3  2 11  4  1  0  2  8  0 31
43110 1994  4 3 71 30  4.8 0  0 28  2 30  7  5  2  3  1  0  1  9  2  0 30
43110 1994  5 3 73 31  4.0 0  0 28  3 31  9  3  2  1  4  1  3  5  3  0 31
43110 1994  6 3 87 30  8.1 0  0 30  0 30  2  1  0  5  3  7 10  2  0  0 30
43110 1994  7 3 89 31  7.8 0  1 29  1 31  0  0  0  0  0  7 20  3  1  0 31
43110 1994  8 3 87 31  6.3 0  0 31  0 31  1  0  0  0  1  4 20  5  0  0 31
43110 1994  9 3 86 30  4.6 0  0 28  2 30  1  1  2  9  4  4  6  1  2  0 30
43110 1994 10 3 79 31  3.0 0  0 28  3 31  0  1  9 14  3  1  0  0  3  0 31
43110 1994 11 3 56 30  6.5 0  1 27  2 30  0  1 17  9  1  0  0  0  2  0 30
43110 1994 12 3 54 31  5.8 0  0 27  4 31  0  3 12 12  0  0  0  0  4  0 31
43110 1995  1 3 58 31  5.1 0  0 30  1 31  2  3 19  6  0  0  0  0  1  0 31
43110 1995  2 3 68 28  3.3 0  0 22  6 28  4  2  7  8  0  0  0  1  6  0 28
43110 1995  3 3 64 31  4.1 0  0 26  5 31  5 10  3  3  1  0  0  4  5  0 31
43110 1995  4 3 75 30  4.9 0  0 29  1 30  8  5  2  7  2  0  1  4  1  0 30
43110 1995  5 3 70 31  5.6 0  0 31  0 31  1  5  2  3  1  3  9  7  0  0 31
43110 1995  6 3 83 30  4.1 0  0 26  4 30  0  0  1  5  5  3  4  8  4  0 30
43110 1995  7 3 91 31  6.1 0  0 28  3 31  1  0  0  5  3  5 12  2  3  0 31
43110 1995  8 3 87 31  5.2 0  1 27  3 31  2  3  2  5  2  1 11  2  3  0 31
43110 1995  9 3 89 30  4.2 0  0 27  3 30  5  2  1  8  4  2  4  1  3  0 30
43110 1995 10 3 78 31  4.4 0  0 28  3 31  3  3 10  9  2  0  0  1  3  0 31
43110 1995 11 3 61 30  6.2 0  0 30  0 30  0  1 13 15  1  0  0  0  0  0 30
43110 1995 12 3 60 31  5.8 0  0 31  0 31  0  2 15 13  1  0  0  0  0  0 31
43110 1996  1 3 69 31  3.8 0  0 28  3 31  1  5 17  3  1  0  0  1  3  0 31
43110 1996  2 3 58 29  4.8 0  0 29  0 29  3  5 14  5  0  1  0  1  0  0 29
43110 1996  3 3 69 31  3.8 0  0 29  2 31  4  3  8  9  5  0  0  0  2  0 31
43110 1996  4 3 71 30  5.3 0  0 29  1 30  6  6  5  4  0  0  0  8  1  0 30
43110 1996  5 3 72 31  6.0 0  0 29  2 31  6  5  2  1  0  1  3 11  2  0 31
43110 1996  6 3 83 30  5.8 0  0 28  2 30  1  0  5  4  2  2 10  4  2  0 30
43110 1996  7 3 90 31  6.3 0  0 30  1 31  0  3  2  3  4  3 14  1  1  0 31
43110 1996  8 3 90 31  5.2 0  0 26  5 31  0  1  0  0  2  4 11  8  5  0 31
43110 1996  9 3 90 30  3.0 0  0 24  6 30  1  5  2  7  3  3  2  1  6  0 30
43110 1996 10 3 75 31  7.2 0  3 27  1 31  1  2 10 10  3  3  0  1  1  0 31
43110 1996 11 3 57 30  6.9 0  0 28  2 30  1  8 11  6  0  0  1  1  2  0 30
43110 1996 12 3 49 31  9.1 0  4 27  0 31  0  2 23  6  0  0  0  0  0  0 31
43110 1997  1 3 59 31  5.8 0  1 29  1 31  1  8 18  3  0  0  0  0  1  0 31
43110 1997  2 3 58 28  5.5 0  0 28  0 28  5  5  5  8  1  0  0  4  0  0 28
43110 1997  3 3 72 31  4.6 0  0 29  2 31  2  7  7 11  1  0  0  1  2  0 31
43110 1997  4 3 70 30  6.1 0  0 30  0 30  8  6  1  9  2  1  0  3  0  0 30
43110 1997  5 3 68 31  7.4 0  0 30  1 31 11  4  0  0  0  2  3 10  1  0 31
43110 1997  6 3 84 30  7.4 0  0 29  1 30  2  1  3  8  4  1  8  2  1  0 30
43110 1997  7 3 89 31  9.0 0  1 29  1 31  1  0  2  1  2  3 19  2  1  0 31
43110 1997  8 3 89 31  8.3 0  0 30  1 31  0  0  0  2  1  2 18  7  1  0 31
43110 1997  9 3 86 30  5.6 0  0 29  1 30  0  3  7 18  1  0  0  0  1  0 30
43110 1997 10 3 77 31  5.6 0  0 31  0 31  0  5  4 19  3  0  0  0  0  0 31
43110 1997 11 3 72 30  5.4 0  0 29  1 30  0  3 10 16  0  0  0  0  1  0 30
43110 1997 12 3 77 31  5.3 0  1 26  4 31  1  6  8 12  0  0  0  0  4  0 31
43110 1998  1 3 66 31  5.4 0  0 30  1 31  0  6 15  9  0  0  0  0  1  0 31
43110 1998  2 3 60 28  5.6 0  0 27  1 28  2  7 13  4  1  0  0  0  1  0 28
43110 1998  3 3 72 31  5.1 0  0 27  4 31  5  6  5 10  0  0  1  0  4  0 31
43110 1998  4 3 70 30  5.7 0  0 29  1 30 14  4  0  2  1  1  1  6  1  0 30
43110 1998  5 3 71 31  4.1 0  0 26  5 31  2  3  2  4  4  4  3  4  5  0 31
43110 1998  6 3 82 30  7.6 0  2 21  7 30  1  2  2  8  4  0  4  2  7  0 30
43110 1998  7 3 88 29  7.7 0  0 23  6 29  0  2  1  3  0  0 14  3  6  0 29
43110 1998  8 3 90 31  5.2 0  0 25  6 31  1  0  2  4  2  1  9  6  6  0 31
43110 1998  9 3 89 30  3.7 0  0 19 11 30  1  0  3  8  1  1  1  4 11  0 30
43110 1998 10 3 85 31  4.3 0  0 25  6 31  1  2  4 13  3  0  1  1  6  0 31
43110 1998 11 3 68 30  4.4 0  0 25  5 30  0  1  6 15  3  0  0  0  5  0 30
43110 1998 12 3 46 31  8.4 0  2 28  1 31  0  0 20 10  0  0  0  0  1  0 31
43110 1999  1 3 59 28  5.1 0  0 25  3 28  0  6  8  9  1  0  0  1  3  0 28
43110 1999  2 3 60 27  4.3 0  0 19  8 27  0  3 10  6  0  0  0  0  8  0 27
43110 1999  3 3 70 28  3.3 0  0 20  8 28  2  8  2  8  0  0  0  0  8  0 28
43110 1999  4 3 75 26  5.1 0  0 21  5 26  5  1  0  6  3  1  2  3  5  0 26
43110 1999  5 3 78 26  4.8 0  0 20  6 26  3  0  2  6  3  1  0  5  6  0 26
43110 1999  6 3 88 30  4.7 0  0 22  8 30  1  2  0  2  2  5  5  5  8  0 30
43110 1999  7 3 87 31 11.2 0  6 22  2  0  1  0  1  0  0  2 17  2  8  0 31
43110 1999  8 3 88 29  9.9 0  5 23  3  0  3  0  0  1  0  0 15  3  7  0 29
43110 1999  9 3 88 29  2.5 0  0 13 12 25  2  1  1  5  3  0  1  2 14  0 29
43110 1999 10 3 77 30  3.7 0  0 24  6 30  2  2  7  9  3  0  0  0  7  0 30
43110 1999 11 3 52 28  6.5 0  1 23  4 28  0  1 14  7  1  1  0  0  4  0 28
43110 1999 12 3 47 31  8.3 0  1 28  2 31  0  1 18 10  0  0  0  0  2  0 31
43110 2000  1 3 53 29  7.9 0  2 25  2 29  1  3 18  4  0  0  0  1  2  0 29
43110 2000  2 3 64 28  5.7 0  1 22  5 28  1 10  6  6  0  0  0  0  5  0 28
43110 2000  3 3 68 31  3.9 0  0 23  8 31  8  5  3  4  3  0  0  0  8  0 31
43110 2000  4 3 75 30  5.0 0  0 24  6 30  8  2  0  6  3  0  1  4  6  0 30
43110 2000  5 3 78 31  4.1 0  0 22  9 31  1  2  2  8  4  1  1  3  9  0 31
43110 2000  6 3 87 29  5.4 0  0 25  4 29  4  3  2  4  2  1  5  4  4  0 29
43110 2000  7 3 88 31  6.5 0  0 27  4 31  0  0  2  2  0  0 20  3  4  0 31
43110 2000  8 3 90 31  6.0 0  0 23  8 31  2  1  1  1  3  0  9  6  8  0 31
43110 2000  9 3 84 30  4.3 0  0 24  6 30  4  4  0  5  2  0  3  6  6  0 30
43110 2000 10 3 87 30  3.6 0  0 24  6 30  0  1  4 17  2  0  0  0  6  0 30
43110 2000 11 3 61 30  5.6 0  0 29  1 30  0  0 11 15  2  0  0  1  1  0 30
43110 2000 12 3 42 31  6.7 0  0 30  1 31  0  2 19  8  0  1  0  0  1  0 31
43110 2001  1 3 66 31  3.8 0  0 27  4 31  1  1 15 10  0  0  0  0  4  0 31
43110 2001  2 3 70 28  3.5 0  0 22  6 28  2  4  9  7  0  0  0  0  6  0 28
43110 2001  3 3 73 31  3.9 0  0 26  5 31  7 13  1  3  0  0  0  2  5  0 31
43110 2001  4 3 75 30  4.0 0  0 25  5 30  8  2  1  5  4  0  1  4  5  0 30
43110 2001  5 3 74 31  4.9 0  0 27  4 31  4  2  1  7  4  2  2  5  4  0 31
43110 2001  6 3 83 30  6.1 0  0 27  3 30  0  0  0  5  1  2 13  6  3  0 30
43110 2001  7 3 85 31  7.1 0  0 30  1 31  1  1  0  1  0  2 22  3  1  0 31
43110 2001  8 3 89 31  5.2 0  0 26  5 31  2  0  0  0  0  0 20  4  5  0 31
43110 2001  9 3 88 30  3.7 0  0 27  3 30  1  2  7 13  0  0  3  1  3  0 30
43110 2001 10 3 77 31  3.0 0  0 22  9 31  1  2  5  8  2  0  0  4  9  0 31
43110 2001 11 3 55 30  5.2 0  0 30  0 30  0  4 12 13  1  0  0  0  0  0 30
43110 2001 12 3 53 31  5.5 0  0 29  2 31  0  0 19 10  0  0  0  0  2  0 31
43110 2002  1 3 59 31  6.0 0  0 29  2 31  0  4 16  9  0  0  0  0  2  0 31
43110 2002  2 3 62 27  3.2 0  0 20  7 27  1  2 12  3  1  0  0  1  7  0 27
43110 2002  3 3 68 31  4.0 0  0 26  5 31  1  4 10  6  1  0  1  3  5  0 31
43110 2002  4 3 66 30  3.4 0  0 23  7 30  1  4  1 12  2  0  0  3  7  0 30
43110 2002  5 3 74 31  5.0 0  0 29  2 31  6  0  1  5  3  2  4  8  2  0 31
43110 2002  6 3 87 30  4.9 0  0 27  3 30  4  1  0  7  2  2  7  4  3  0 30
43110 2002  7 3 84 31  7.2 0  1 30  0 31  0  0  0  1  0  1 22  7  0  0 31
43110 2002  8 3 89 31  5.7 0  0 29  2 31  1  1  1  1  0  1 14 10  2  0 31
43110 2002  9 3 83 30  2.6 0  0 21  9 30  1  3  4  9  3  0  0  1  9  0 30
43110 2002 10 3 75 31  3.4 0  0 28  3 31  2  0  8 17  1  0  0  0  3  0 31
43110 2002 11 3 62 30  5.2 0  0 29  1 30  0  1 12 13  2  0  0  1  1  0 30
43110 2002 12 3 64 31  4.8 0  0 29  2 31  0  2 19  7  1  0  0  0  2  0 31
43110 2003  1 3 66 31  4.4 0  0 27  4 31  1  2 16  8  0  0  0  0  4  0 31
43110 2003  2 3 72 28  2.9 0  0 21  7 28  2  5  6  7  0  0  0  1  7  0 28
43110 2003  3 3 68 31  2.5 0  0 21 10 31  5  5  2  5  0  0  0  4 10  0 31
43110 2003  4 3 70 30  3.0 0  0 20 10 30  8  4  1  3  0  0  1  3 10  0 30
43110 2003  5 3 71 31  5.6 0  0 25  6 31 13  1  2  0  0  0  1  8  6  0 31
43110 2003  6 3 85 30  5.7 0  0 29  1 30  2  0  0  9  2  5  8  3  1  0 30
43110 2003  7 3 91 31  4.7 0  0 26  5 31  0  0  2  5  3  3 11  2  5  0 31
43110 2003  8 3 89 31  5.7 0  0 29  2 31  0  1  0  3  0  3 17  5  2  0 31
43110 2003  9 3 90 30  3.1 0  0 23  7 30  1  2  7  6  1  1  5  0  7  0 30
43110 2003 10 3 83 31  3.7 0  0 28  3 31  1  2 11 14  0  0  0  0  3  0 31
43110 2003 11 3 60 30  5.4 0  0 28  2 30  0  1 22  5  0  0  0  0  2  0 30
43110 2003 12 3 57 31  6.3 0  2 28  1 31  0  0 25  4  0  0  0  1  1  0 31
43110 2004  1 3 69 31  3.8 0  0 25  6 31  1  3 16  5  0  0  0  0  6  0 31
43110 2004  2 3 66 29  3.2 0  0 22  7 29  2  4 13  3  0  0  0  0  7  0 29
43110 2004  3 3 79 31  3.0 0  0 24  7 31  2  4  9  7  0  0  0  2  7  0 31
43110 2004  4 3 73 30  4.0 0  0 30  0 30  6  4  5  6  0  0  1  8  0  0 30
43110 2004  5 3 75 31  4.5 0  0 27  4 31  4  5  4  7  0  0  4  3  4  0 31
43110 2004  6 3 87 30  8.2 0  1 28  1 30  2  2  3  4  1  6 10  1  1  0 30
43110 2004  7 3 89 31  6.2 0  0 29  2 31  0  0  3  4  1  0 16  5  2  0 31
43110 2004  8 3 89 31  6.9 0  0 31  0 31  0  0  0  0  0  0 29  2  0  0 31
43110 2004  9 3 89 30  3.8 0  0 23  7 30  4  3  6  4  0  0  2  4  7  0 30
43110 2004 10 3 69 31  5.1 0  0 27  4 31  2  2 16  4  3  0  0  0  4  0 31
43110 2004 11 3 55 30  6.9 0  0 29  1 30  0  0 22  5  0  1  1  0  1  0 30
43110 2004 12 3 52 31  7.6 0  0 28  3 31  0  2 22  4  0  0  0  0  3  0 31
43110 2005  1 3 66 31  4.5 0  0 25  6 31  2  5 14  3  0  0  0  1  6  0 31
43110 2005  2 3 66 28  3.8 0  0 21  7 28  3  5  9  3  0  0  0  1  7  0 28
43110 2005  3 3 73 31  3.1 0  0 20 11 31  6  5  4  4  0  0  0  1 11  0 31
43110 2005  4 3 72 30  4.0 0  0 27  3 30  7  3  4  6  1  1  2  3  3  0 30
43110 2005  5 3 70 31  6.0 0  0 29  2 31 10  3  0  0  0  0  2 14  2  0 31
43110 2005  6 3 84 30  6.5 0  0 28  2 30  4  1  2  6  2  4  5  4  2  0 30
43110 2005  7 3 89 31  9.0 0  2 25  4 31  1  0  0  3  0  5 15  3  4  0 31
43110 2005  8 3 90 31  8.1 0  1 25  5 31  1  1  2  0  0  5 15  2  5  0 31
43110 2005  9 3 92 29  4.4 0  0 22  7 29  3  2  2  0  1  5  6  3  7  0 29
43110 2005 10 3 78 31  3.2 0  0 21 10 31  2  0 12  6  1  0  0  0 10  0 31
43110 2005 11 3 52 29  5.5 0  0 24  5 29  0  0 13 11  0  0  0  0  5  0 29
43110 2005 12 3 55 31  6.9 0  0 27  4 31  0  0 20  6  1  0  0  0  4  0 31
43110 2006  1 3 54 26  6.0 0  1 19  6 26  3  0 15  2  0  0  0  0  6  0 26
43110 2006  2 3 63 26  3.4 0  0 16 10 26  0  0 11  5  0  0  0  0 10  0 26
43110 2006  3 3 70 31  2.7 0  0 18 13 31  6  5  3  4  0  0  0  0 13  0 31
43110 2006  4 3 74 30  5.0 0  0 23  7 30 12  0  1  3  0  0  0  7  7  0 30
43110 2006  5 3 77 29  4.7 0  1 19  9 29  7  3  1  1  0  0  0  8  9  0 29
43110 2006  7 3 88 31 12.9 0  5 25  1 31  0  0  0  0  0  9 19  2  1  0 31
43110 2006  8 3 90 30  7.9 0  0 28  2 30  0  0  0  0  0  5 22  1  2  0 30
43110 2006  9 3 91 29  2.6 0  0 15 14 29  1  2  1  5  5  0  0  1 14  0 29
43110 2006 10 3 77 31  2.8 0  0 20 11 31  0  3  8  6  1  0  0  2 11  0 31
43110 2006 11 3 67 29  4.7 0  0 21  8 29  0  0 14  7  0  0  0  0  8  0 29
43110 2006 12 3 61 31  5.2 0  0 22  9 31  0  0 19  3  0  0  0  0  9  0 31
43110 2007  1 3 64 31  4.0 0  0 22  9 31  1  2 16  3  0  0  0  0  9  0 31
43110 2007  2 3 71 28  2.7 0  0 15 13 28  0  5  8  2  0  0  0  0 13  0 28
43110 2007  3 3 72 28  2.5 0  0 14 14 28  3  4  0  4  0  0  1  2 14  0 28
43110 2007  4 3 75 28  1.8 0  0 10 18 28  3  1  3  2  0  0  0  1 18  0 28
43110 2007  5 3 73 30  2.4 0  0 14 16 30  3  1  0  1  0  0  1  8 16  0 30
43110 2007  6 3 87 30  7.3 0  3 22  5 30  1  0  0 11  4  5  2  2  5  0 30
43110 2007  7 3 89 31  7.0 0  0 27  4 31  0  0  0  5  1  8 12  1  4  0 31
43110 2007  8 3 89 31  8.6 1  0 22  8 31  0  0  0  2  0  1 19  1  8  0 31
43110 2007  9 3 92 29  3.1 0  0 15 14 29  0  1  1  4  3  0  6  0 14  0 29
43110 2007 10 3 78 30  2.4 0  0 12 18 30  1  2  2  6  0  0  0  1 18  0 30
43110 2007 11 3 60 30  6.0 0  1 24  5 30  0  1 10 13  0  0  1  0  5  0 30
43110 2007 12 3 63 30  3.5 0  0 16 14 30  0  0  5 11  0  0  0  0 14  0 30
43193 1987  1 3 77 31  0.6 0  0  9 22 31  2  0  2  0  1  0  4  0 22  0 31
43193 1987  2 3 77 28  1.2 0  0 12 16 28  5  0  3  0  1  0  3  0 16  0 28
43193 1987  3 3 78 31  1.8 0  0 19 12 31  5  0  2  0  9  0  3  0 12  0 31
43193 1987  4 3 73 30  2.8 0  0 26  4 30  4  0  4  0 11  2  4  1  4  0 30
43193 1987  5 3 67 31  3.6 0  0 29  2 31  5  6  9  1  5  0  3  0  2  0 31
43193 1987  6 3 88 30  3.4 0  0 28  2 30  4  4  4  1  4  3  6  2  2  0 30
43193 1987  7 3 82 22  5.6 0  0 21  1 22  0  0  0  2  3  6  3  7  1  0 22
43193 1987  8 3 90 31  2.5 0  1 19 11 31  8  1  0  1  3  1  1  5 11  0 31
43193 1987  9 3 88 30  1.3 0  0 16 14 30  4  0  2  4  2  0  2  2 14  0 30
43193 1987 10 3 84 31  0.9 0  0 12 19 31  6  0  0  1  2  0  0  3 19  0 31
43193 1987 11 3 81 30  1.0 0  0 14 16 30  2  1  2  1  0  0  0  8 16  0 30
43193 1987 12 3 75 31  1.0 0  0 14 17 31  1  5  2  1  1  0  2  2 17  0 31
43193 1988  1 3 80 31  0.1 0  0  3 28 31  0  1  1  0  0  0  0  1 28  0 31
43193 1988  2 3 84 29  0.5 0  0  7 22 29  3  1  1  1  0  0  0  1 22  0 29
43193 1988  3 3 80 31  1.4 0  0 19 12 31  5  2  2  3  3  0  0  4 12  0 31
43193 1988  4 3 73 30  2.8 0  0 28  2 30  2  5  4  9  3  1  1  3  2  0 30
43193 1988  5 3 72 30  3.7 0  0 30  0 30  6  4  3  2  0  2  1 12  0  0 30
43193 1988  6 3 84 30  4.3 0  0 30  0 30  0  4  3  4  8  4  4  3  0  0 30
43193 1988  7 3 89 31  6.3 0  1 26  4 31  1  4  2  1  3  8  8  0  4  0 31
43193 1988  8 3 90 31  4.0 0  0 24  7 31  0  1  0  0  6  5  7  5  7  0 31
43193 1988  9 3 90 30  2.8 0  0 19 11 30  2  0  1  2  5  2  2  5 11  0 30
43193 1988 10 3 83 31  1.4 0  0 18 13 31  4  0  2  2  3  0  3  4 13  0 31
43193 1988 11 3 63 30  2.0 0  0 19 11 30  3  0  8  0  5  0  3  0 11  0 30
43193 1988 12 3 65 31  1.5 0  0 17 14 31  1  0  6  0  7  1  2  0 14  0 31
43193 1989  1 3 73 31  1.0 0  0 15 16 31  2  0  0  0 10  0  1  2 16  0 31
43193 1989  2 3 69 28  1.6 0  0 20  8 28  4  0  2  1  7  2  2  2  8  0 28
43193 1989  3 3 75 31  1.8 0  0 21 10 31  3  0  3  0  8  2  1  4 10  0 31
43193 1989  4 3 71 30  2.6 0  0 25  5 30  5  0  1  2  8  1  3  5  5  0 30
43193 1989  5 3 71 31  3.8 0  0 28  3 31  2  0  0  0  6  3 11  6  3  0 31
43193 1989  6 3 84 30  3.8 0  0 29  1 30  2  0  0  1  5  8 12  1  1  0 30
43193 1989  7 3 87 31  4.3 0  1 24  6 31  0  0  1  1  8  4  8  3  6  0 31
43193 1989  8 3 87 31  4.6 0  0 31  0 31  2  0  0  0  4  4 17  4  0  0 31
43193 1989  9 3 89 30  1.8 0  0 19 11 30  5  0  2  1  6  4  0  1 11  0 30
43193 1989 10 3 87 31  1.6 0  0 19 12 31  4  0  0  2  8  0  3  2 12  0 31
43193 1989 11 3 72 30  1.7 0  0 16 14 30  7  0  3  0  4  1  1  0 14  0 30
43193 1989 12 3 70 31  0.8 0  0  9 22 31  2  0  1  1  3  1  1  0 22  0 31
43193 1990  1 3 72 31  0.7 0  0 10 21 31  2  0  1  1  4  1  1  0 21  0 31
43193 1990  2 3 74 28  0.5 0  0  6 22 28  1  0  1  0  3  1  0  0 22  0 28
43193 1990  3 3 72 31  2.0 0  0 23  8 31  1  0  6  0 11  3  0  2  8  0 31
43193 1990  4 3 72 30  3.1 0  0 29  1 30  7  0  3  0  5  2  6  6  1  0 30
43193 1990  5 3 77 30  3.8 0  0 29  1 30  8  0  0  0  4  4  9  4  1  0 30
43193 1990  6 3 86 30  3.9 0  0 28  2 30  3  0  0  0  3  8  9  5  2  0 30
43193 1990  7 3 85 31  4.9 0  0 31  0 31  1  0  0  0  5  5 19  1  0  0 31
43193 1990  8 3 89 31  4.9 0  0 31  0 31  5  0  1  0  2  5 12  6  0  0 31
43193 1990  9 3 90 30  2.6 0  0 25  5 30  4  0  0  0  7  4  4  6  5  0 30
43193 1990 10 3 82 30  1.6 0  0 18 12 30  7  0  0  0  6  1  2  2 12  0 30
43193 1990 11 3 79 30  1.8 0  0 19 11 30  3  0  9  0  5  0  2  0 11  0 30
43193 1990 12 3 76 31  1.2 0  0 15 16 31  4  0  5  0  4  1  1  0 16  0 31
43193 1991  1 3 78 31  0.5 0  0  8 23 31  2  0  2  0  2  0  1  1 23  0 31
43193 1991  2 3 79 28  0.5 0  0  7 21 28  0  0  0  0  2  2  2  1 21  0 28
43193 1991  3 3 79 31  2.5 0  0 19 12 31  6  0  8  0  2  1  1  1 12  0 31
43193 1991  4 3 75 30  4.1 0  0 30  0 30 12  0  6  6  2  2  1  1  0  0 30
43193 1991  5 3 72 31  4.7 0  0 31  0 31 12  0  4  2  3  2  2  6  0  0 31
43193 1991  6 3 83 30  3.4 0  0 28  2 30  8  0  2  0  2  1  8  7  2  0 30
43193 1991  7 3 88 31  5.2 0  0 30  1 31  2  0  2  2  3  6 11  4  1  0 31
43193 1991  8 3 88 31  3.9 0  0 30  1 31  0  0  0  1  5  3 13  8  1  0 31
43193 1991  9 3 86 30  2.2 0  0 23  7 30 12  0  1  0  2  2  2  4  7  0 30
43193 1991 10 3 83 31  2.0 0  0 23  8 31 10  0  0  0  6  1  3  3  8  0 31
43193 1991 11 3 75 30  1.6 0  0 20 10 30  8  0  4  0  2  2  3  1 10  0 30
43193 1991 12 3 75 31  1.3 0  0 17 14 31  7  0  2  0  4  1  1  2 14  0 31
43193 1992  1 3 74 31  0.9 0  0 13 18 31  6  0  4  0  1  2  0  0 18  0 31
43193 1992  2 3 77 29  2.0 0  0 22  7 29 15  0  0  1  3  1  0  2  7  0 29
43193 1992  3 3 79 31  2.9 0  0 27  4 31  8  0  5  0 10  1  2  1  4  0 31
43193 1992  4 3 72 30  4.4 0  0 30  0 30 13  0  0  1  8  1  1  6  0  0 30
43193 1992  5 3 72 31  4.7 0  0 31  0 31  9  0  0  0  3  2  9  8  0  0 31
43193 1992  6 3 84 30  4.2 0  0 27  3 30 10  0  1  1  4  3  6  2  3  0 30
43193 1992  7 3 87 31  5.1 0  0 30  1 31  7  0  1  0  7  6  8  1  1  0 31
43193 1992  8 3 88 31  5.6 0  0 31  0 31  4  0  0  0  6  8 11  2  0  0 31
43193 1992  9 3 88 30  2.6 0  0 26  4 30 10  1  5  1  1  2  1  5  4  0 30
43193 1992 10 3 87 31  1.3 0  0 20 11 31  2  5  2  1  1  2  1  6 11  0 31
43193 1992 11 3 76 30  1.1 0  0 16 14 30  0  7  0  4  1  1  0  3 14  0 30
43193 1992 12 3 78 31  0.3 0  0  5 26 31  0  2  1  0  0  1  0  1 26  0 31
43193 1993  1 3 85 31  0.0 0  0  1 30 31  0  0  0  0  0  0  0  1 30  0 31
43193 1993  2 3 81 28  0.3 0  0  5 23 28  1  2  0  0  0  0  0  2 23  0 28
43193 1993  3 3 76 31  1.2 0  0 19 12 31  0  5  2  3  2  2  0  5 12  0 31
43193 1993  4 3 75 30  1.8 0  0 25  5 30  3  9  2  4  1  1  0  5  5  0 30
43193 1993  5 3 74 31  1.8 0  0 24  6 30  9  3  0  6  0  0  1  5  6  0 30
43193 1993  6 3 82 30  3.3 0  0 26  4 30  2  1  1  3  0 16  2  1  4  0 30
43193 1993  7 3 87 31  3.4 0  0 21 10 31  1  1  1  0  0 10  4  4 10  0 31
43193 1993  8 3 87 31  2.1 0  0 21 10 31  0  1  0  0  0  7  7  6 10  0 31
43193 1993  9 3 90 30  0.6 0  0  9 21 30  1  1  1  2  2  0  0  2 21  0 30
43193 1993 10 3 88 31  0.5 0  0  8 23 31  0  0  0  4  2  1  0  1 23  0 31
43193 1993 11 3 70 30  0.4 0  0  6 24 30  1  1  0  2  0  1  0  1 24  0 30
43193 1993 12 3 77 31  0.2 0  0  3 28 31  1  1  1  0  0  0  0  0 28  0 31
43193 1994  1 3 82 31  0.1 0  0  3 28 31  1  1  0  1  0  0  0  0 28  0 31
43193 1994  2 3 75 28  0.9 0  0 12 16 28  5  1  0  1  0  0  0  5 16  0 28
43193 1994  3 3 82 31  1.5 0  0 20 11 31  3  6  2  5  1  1  1  1 11  0 31
43193 1994  4 3 73 30  2.6 0  0 27  3 30  9  6  3  5  2  0  0  2  3  0 30
43193 1994  5 3 71 31  2.1 0  0 23  8 31  7  5  1  2  2  1  2  3  8  0 31
43193 1994  6 3 84 30  4.2 0  0 28  2 30  3  0  0  3  3 11  5  3  2  0 30
43193 1994  7 3 86 31  4.5 0  0 29  2 31  0  0  1  1  1 15 10  1  2  0 31
43193 1994  8 3 87 31  3.0 0  0 29  2 31  0  3  0  2  0  9  7  8  2  0 31
43193 1994  9 3 86 30  1.4 0  0 17 13 30  2  1  2  1  0  7  3  1 13  0 30
43193 1994 10 3 87 31  0.9 0  0 14 17 31  7  2  2  2  0  0  1  0 17  0 31
43193 1994 11 3 75 30  1.0 0  0 14 16 30  2  6  4  1  0  1  0  0 16  0 30
43193 1994 12 3 74 31  0.9 0  0 10 21 31  3  4  0  1  1  0  0  1 21  0 31
43193 1995  1 3 75 31  1.2 0  0 16 15 31  2 11  2  0  0  0  0  1 15  0 31
43193 1995  2 3 79 28  0.8 0  0 10 18 28  2  5  0  1  0  0  0  2 18  0 28
43193 1995  3 3 75 30  1.5 0  0 20 10 30  9  4  1  0  0  1  1  4 10  0 30
43193 1995  4 3 72 30  2.1 0  0 25  5 30  5  6  2  8  1  0  0  3  5  0 30
43193 1995  5 3 67 31  2.7 0  0 29  2 31  6  7  2  3  0  4  1  6  2  0 31
43193 1995  6 3 83 30  2.9 0  0 27  3 30  5  3  3  4  2  5  2  3  3  0 30
43193 1995  7 3 90 31  2.5 0  0 24  7 31  2  0  0  3  3  8  1  7  7  0 31
43193 1995  8 3 88 31  2.0 0  0 25  6 31  4  4  2  3  1  4  3  4  6  0 31
43193 1995  9 3 87 30  2.0 0  0 22  8 30  5  4  1  3  0  0  2  7  8  0 30
43193 1995 10 3 85 31  1.1 0  0 16 15 31  2  4  1  7  0  0  0  2 15  0 31
43193 1995 11 3 79 30  0.5 0  0  8 22 30  3  3  1  0  1  0  0  0 22  0 30
43193 1996  1 3 80 31  0.8 0  0 12 19 31  2  5  1  0  0  0  0  4 19  0 31
43193 1996  2 3 77 29  0.8 0  0 11 18 29  6  3  1  0  0  0  0  1 18  0 29
43193 1996  3 3 82 31  1.4 0  0 19 12 31  8  4  1  3  1  0  0  2 12  0 31
43193 1996  4 3 73 30  2.0 0  0 23  7 30  9  7  1  1  1  0  0  4  7  0 30
43193 1996  5 3 71 31  2.5 0  0 27  4 31  7  8  1  0  2  1  2  6  4  0 31
43193 1996  6 3 82 30  3.4 0  0 28  2 30  1  2  1  5  4  6  3  6  2  0 30
43193 1996  7 3 86 31  3.5 0  0 28  3 31  1  2  2  2  1 10  5  5  3  0 31
43193 1996  8 3 88 31  2.5 0  0 24  7 31  5  2  0  3  1  5  3  5  7  0 31
43193 1996  9 3 86 30  1.2 0  0 16 14 30  2  4  2  7  0  0  0  1 14  0 30
43193 1996 10 3 83 31  1.6 0  0 14 17 31  3  0  2  5  0  0  1  3 17  0 31
43193 1996 11 3 79 30  0.4 0  0  6 24 30  1  3  1  0  0  0  0  1 24  0 30
43193 1996 12 3 79 31  0.1 0  0  2 29 31  0  1  1  0  0  0  0  0 29  0 31
43193 1998  1 3 81 29  0.9 0  0  7 22 29  5  1  0  0  0  0  0  1 22  0 29
43193 1998  2 3 72 21  1.7 0  0 12  9 21  8  1  0  0  0  0  2  1  9  0 21
43193 1998  3 3 80 27  0.7 0  0  9 18 27  4  1  0  3  0  0  0  1 18  0 27
43193 1998  4 3 74 28  1.2 0  0 16 12 28  7  1  1  2  0  1  1  3 12  0 28
43193 1998  5 3 74 29  6.6 0  1 25  4  0 10  1  1  1  0  3  3  2  5  0 26
43193 1998  6 3 83 29  9.2 0  4 23  3  0  9  2  1  4  3  2  2  4  2  0 29
43193 1998  7 3 85 19  3.4 0  0 12  4 16  0  0  0  0  1  4  3  6  5  0 19
43193 1998  8 3 87 12  9.9 0  0  5  7 12  1  0  0  2  0  2  0  0  7  0 12
43193 1998  9 3 91 29  0.8 0  0 11 18 29  0  1  1  1  2  3  0  3 18  0 29
43193 1998 10 3 88 30  1.9 0  0 18 12 30  1  4  0  7  2  1  0  3 12  0 30
43193 1998 11 3 81 27  1.7 0  0 19  8 27  8  6  2  1  1  0  0  1  8  0 27
43193 1998 12 3 77 30  1.3 0  0 15 15 30  5  6  2  0  0  0  2  0 15  0 30
43193 1999  1 3 81 30  1.2 0  0 16 14 30  6  3  0  0  2  0  4  1 14  0 30
43193 1999  2 3 82 27  1.0 0  0 11 16 27  5  4  1  0  1  0  0  0 16  0 27
43193 1999  3 3 82 30  0.6 0  0  7 23 30  1  2  0  1  0  0  0  3 23  0 30
43193 1999  4 3 76 30  2.1 0  0 24  6 30  8  7  1  2  1  2  1  2  6  0 30
43193 1999  5 3 80 31  2.5 0  0 25  6 31  9  5  3  1  3  0  1  3  6  0 31
43193 1999  6 3 88 29  2.6 0  0 20  9 29  2  4  1  2  3  4  1  3  9  0 29
43193 1999  7 3 86 31  2.7 0  0 23  8 31  0  0  0  1  0  7  8  7  8  0 31
43193 1999  8 3 88 28  2.8 0  0 28  0 28  3  5  1  1  0  7  3  8  0  0 28
43193 1999  9 3 89 30  1.8 0  0 22  8 30  4  5  3  2  2  0  0  6  8  0 30
43193 1999 10 3 85 30  1.4 0  0 21  9 30 10  1  2  4  2  1  1  0  9  0 30
43193 1999 11 3 75 29  1.7 0  0 21  8 29 11  5  1  2  0  2  0  0  8  0 29
43193 1999 12 3 76 31  1.2 0  0 16 15 31  4 10  0  1  0  0  0  1 15  0 31
43193 2000  1 3 78 30  1.7 0  0 21  9 30  4  8  1  1  5  0  1  1  9  0 30
43193 2000  2 3 80 28  1.5 0  0 18 10 28 13  4  0  0  0  0  0  1 10  0 28
43193 2000  3 3 80 31  1.9 0  0 23  8 31 10  5  0  2  4  0  0  2  8  0 31
43193 2000  4 3 76 29  2.7 0  0 25  4 29 10  4  3  4  1  1  0  2  4  0 29
43193 2000  5 3 79 31  2.7 0  0 28  3 31  7  4  3  4  2  2  2  4  3  0 31
43193 2000  6 3 88 26  2.6 0  0 22  4 26  6  2  0  2  2  3  4  3  4  0 26
43193 2000  7 3 89 29  2.7 0  0 24  5 29  3  0  0  1  1  7  3  9  5  0 29
43193 2000  8 3 90 31  2.5 0  0 26  5 31  5  3  0  3  2  4  5  4  5  0 31
43193 2000  9 3 88 30  1.8 0  0 22  8 30  4  4  1  2  0  2  3  6  8  0 30
43193 2000 10 3 88 31  1.2 0  0 17 14 31  2  6  2  2  2  0  0  3 14  0 31
43193 2000 11 3 82 29  1.1 0  0 14 15 29  5  5  0  0  2  1  0  1 15  0 29
43193 2000 12 3 80 30  0.8 0  0 11 19 30  1  8  0  1  0  1  0  0 19  0 30
43193 2001  1 3 87 31  1.0 0  0 16 15 31  3  6  2  1  2  1  0  1 15  0 31
43193 2001  2 3 85 28  1.4 0  0 18 10 28  6  5  1  2  1  0  0  3 10  0 28
43193 2001  3 3 82 31  1.6 0  0 21 10 31 14  0  0  0  1  0  2  4 10  0 31
43193 2001  4 3 78 30  2.0 0  0 25  5 30 11  6  1  3  0  2  0  2  5  0 30
43193 2001  5 3 76 31  3.5 0  0 28  3 31  2 10  8  5  1  1  0  1  3  0 31
43193 2001  6 3 82 30  4.2 0  0 30  0 30  3  1  2  0  4  7  5  8  0  0 30
43193 2001  7 3 86 31  3.0 0  0 27  4 31  2  0  1  1  1  9  6  7  4  0 31
43193 2001  8 3 89 31  2.2 0  0 28  3 31  7  0  0  1  0  3 12  5  3  0 31
43193 2001  9 3 88 29  1.5 0  0 18 11 29  3  1  2  3  3  1  1  4 11  0 29
43193 2001 10 3 87 31  1.7 0  0 21 10 31  7  1  1  3  2  1  2  4 10  0 31
43193 2001 11 3 80 30  1.1 0  0 16 14 30 11  2  0  1  0  0  0  2 14  0 30
43193 2001 12 3 83 31  0.8 0  0 12 19 31  5  3  0  1  0  1  0  2 19  0 31
43193 2002  1 3 80 31  1.6 0  0 18 13 31  4  7  2  0  0  0  1  4 13  0 31
43193 2002  2 3 81 28  1.6 0  0 19  9 28  8  4  1  0  1  0  0  5  9  0 28
43193 2002  3 3 84 31  1.6 0  0 22  9 31  5  9  2  3  0  0  0  3  9  0 31
43193 2002  4 3 79 30  1.8 0  0 25  5 30  9  5  2  4  0  0  1  4  5  0 30
43193 2002  5 3 76 31  2.5 0  0 30  1 31  7  8  2  2  2  2  0  7  1  0 31
43193 2002  6 3 86 30  2.5 0  0 26  4 30  6  1  1  2  6  5  3  2  4  0 30
43193 2002  7 3 85 31  2.4 0  0 25  6 31  2  0  0  1  2  4  7  9  6  0 31
43193 2002  8 3 89 31  2.2 0  0 25  6 31  5  1  0  2  0 10  6  1  6  0 31
43193 2002  9 3 88 30  1.2 0  0 17 13 30  7  1  0  7  1  0  0  1 13  0 30
43193 2002 10 3 87 31  1.4 0  0 23  8 31  4  6  4  3  1  2  0  3  8  0 31
43193 2002 11 3 84 30  0.8 0  0 12 18 30  6  4  0  1  0  1  0  0 18  0 30
43193 2002 12 3 86 31  0.1 0  0  2 29 31  0  1  1  0  0  0  0  0 29  0 31
43193 2003  1 3 86 31  0.2 0  0  4 27 31  1  0  0  1  1  0  0  1 27  0 31
43193 2003  2 3 85 28  0.8 0  0 10 18 28  4  2  0  1  1  1  0  1 18  0 28
43193 2003  3 3 82 31  1.6 0  0 20 11 31  7  5  1  1  0  0  1  5 11  0 31
43193 2003  4 3 77 30  2.4 0  0 25  5 30  8  6  4  2  1  0  0  4  5  0 30
43193 2003  5 3 72 31  4.1 0  0 29  2 31 11  4  0  1  1  0  0 12  2  0 31
43193 2003  6 3 85 30  2.8 0  0 25  5 30  2  4  3  7  2  3  3  1  5  0 30
43193 2003  7 3 89 31  3.4 0  0 26  5 31  7  3  1  2  1  7  1  4  5  0 31
43193 2003  8 3 89 31  2.3 0  0 23  8 31  2  0  1  0  2  6  2 10  8  0 31
43193 2003  9 3 88 29  1.6 0  0 19 10 29  7  2  2  2  1  2  1  2 10  0 29
43193 2003 10 3 88 30  1.2 0  0 18 12 30  6  4  1  2  2  0  0  3 12  0 30
43193 2003 11 3 81 30  1.4 0  0 21  9 30 15  2  2  0  0  0  0  2  9  0 30
43193 2003 12 3 84 31  0.3 0  0  5 26 31  3  0  0  1  1  0  0  0 26  0 31
43193 2004  1 3 85 31  1.0 0  0 11 20 31  3  6  1  0  0  1  0  0 20  0 31
43193 2004  2 3 85 29  0.6 0  0  9 20 29  3  4  0  0  0  0  0  2 20  0 29
43193 2004  3 3 87 31  1.5 0  0 22  9 31  9  4  2  2  1  0  2  2  9  0 31
43193 2004  4 3 76 30  2.4 0  0 27  3 30 12  7  2  1  0  0  0  5  3  0 30
43193 2004  5 3 79 31  2.6 0  0 30  1 31 11  7  2  5  2  0  0  3  1  0 31
43193 2004  6 3 83 30  4.3 0  0 30  0 30  6  1  0  4  3 11  4  1  0  0 30
43193 2004  7 3 88 31  2.5 0  0 26  5 31  7  4  1  1  0  4  3  6  5  0 31
43193 2004  8 3 85 31  3.3 0  0 30  1 31  3  2  0  0  0 10  5 10  1  0 31
43193 2004  9 3 89 30  2.2 0  0 29  1 30  7 10  1  1  3  2  1  4  1  0 30
43193 2004 10 3 82 31  1.4 0  0 21 10 31  3  6  1  1  1  3  0  6 10  0 31
43193 2004 11 3 84 30  0.5 0  0  8 22 30  1  2  0  0  1  2  0  2 22  0 30
43193 2004 12 3 82 30  0.8 0  0 13 17 30  2  6  1  0  1  2  0  1 17  0 30
43193 2005  1 3 86 31  1.1 0  0 18 13 31  3 14  0  0  0  0  0  1 13  0 31
43193 2005  2 3 83 28  1.3 0  0 16 12 28  5  8  0  0  0  1  0  2 12  0 28
43193 2005  3 3 85 31  1.4 0  0 20 11 31  4  9  1  0  0  2  0  4 11  0 31
43193 2005  4 3 79 30  2.2 0  0 27  3 30  4 15  0  0  0  2  0  6  3  0 30
43193 2005  5 3 73 31  2.4 0  0 27  4 31  7  8  1  1  2  0  0  8  4  0 31
43193 2005  6 3 87 30  3.2 0  0 26  4 30  3  6  0  1  0 13  0  3  4  0 30
43193 2005  7 3 88 31  4.1 0  0 29  2 31  2  6  0  0  0 12  2  7  2  0 31
43193 2005  8 3 87 31  3.4 0  0 28  3 31  0  2  0  0  1 15  1  9  3  0 31
43193 2005  9 3 91 28  2.3 0  0 23  5 28  1  2  0  0  6  4  1  9  5  0 28
43193 2005 10 3 88 30  1.6 0  0 23  7 30  2 10  0  0  0  0  1 10  7  0 30
43193 2005 11 3 82 30  0.6 0  0  9 21 30  3  3  0  0  0  1  0  2 21  0 30
43193 2005 12 3 86 31  0.4 0  0  6 25 31  0  4  0  0  0  0  0  2 25  0 31
43193 2006  1 3 82 28  0.7 0  0  7 21 28  1  6  0  0  0  0  0  0 21  0 28
43193 2006  2 3 87 27  0.3 0  0  5 22 27  0  2  0  0  0  1  0  2 22  0 27
43193 2006  3 3 84 30  2.4 0  2 14 14 30  4  5  1  0  1  2  0  3 14  0 30
43193 2006  4 3 78 29  1.8 0  0 20  9 29  7  9  1  0  0  0  0  3  9  0 29
43193 2006  5 3 80 31  2.2 0  0 29  2 31  8  7  0  2  1  2  1  8  2  0 31
43193 2006  6 3 87 29  2.6 0  0 23  6 29  1  6  1  2  1 10  0  2  6  0 29
43193 2006  7 3 84 27  5.4 0  0 26  1 27  0  0  0  0  0 19  4  3  1  0 27
43193 2006  8 3 87 30  2.5 0  0 26  4 30  2  0  0  0  0 10  4 10  4  0 30
43193 2006  9 3 91 27  2.3 0  1 18  8 27  4  6  0  1  1  5  0  2  8  0 27
43193 2006 10 3 89 28  1.5 0  1  9 18 28  1  2  0  1  0  3  0  3 18  0 28
43193 2006 11 3 87 30  0.6 0  0 10 20 30  0  5  0  0  0  2  0  3 20  0 30
43193 2006 12 3 86 31  0.5 0  0  8 23 31  1  6  0  0  0  1  0  0 23  0 31
43193 2007  1 3 91 31  0.3 0  0  5 26 31  0  4  1  0  0  0  0  0 26  0 31
43193 2007  2 3 89 25  0.1 0  0  2 23 25  0  1  0  0  0  0  0  0 24  0 25
43193 2007  3 3 88 30  0.5 0  0  8 22 30  1  4  0  0  0  1  0  2 22  0 30
43193 2007  4 3 80 29  1.7 0  0 19 10 29  1 10  0  0  1  2  0  5 10  0 29
43193 2007  5 3 74 30  2.2 0  0 25  5 30  6  9  1  0  3  0  0  6  5  0 30
43193 2007  6 3 88 23  2.2 0  0 17  6 23  0  9  1  0  0  4  0  3  6  0 23
43193 2007  7 3 92 24  2.5 0  0 19  5 24  0  3  0  0  0 11  0  5  5  0 24
43193 2007  8 3 94 30  1.8 0  0 17 13 30  1  2  0  0  0  7  1  6 13  0 30
43193 2007  9 3 94 29  1.0 0  0 11 18 29  2  0  0  0  2  6  0  1 18  0 29
43193 2007 10 3 91 31  0.5 0  0  9 22 31  0  4  0  0  0  2  0  3 22  0 31
43193 2007 11 3 85 28  0.2 0  0  4 24 28  0  2  0  0  0  0  0  2 24  0 28
43193 2007 12 3 89 31  0.1 0  0  2 29 31  0  2  0  0  0  0  0  0 29  0 31
43193 2008  1 3 90 31  0.3 0  0  5 26 31  1  4  0  0  0  0  0  0 26  0 31
43193 2008  2 3 85 28  1.1 0  0 10 18 28  2  4  0  0  0  0  0  4 18  0 28
43193 2008  3 3 89 29  0.6 0  0  9 20 29  1  3  0  0  0  1  0  4 20  0 29
43193 2008  4 3 84 29  1.9 0  0 19 10 29  0  7  0  0  0  4  1  7 10  0 29
43193 2008  5 3 79 31  2.7 0  0 29  2 31  2 16  0  0  0  0  1 10  2  0 31
43193 2008  6 3 84 28  3.3 0  0 27  1 28  0  3  1  1  0 14  0  8  1  0 28
43193 2008  7 3 87 31  2.0 0  0 18 13 31  0  2  0  0  1  7  2  6 13  0 31
43193 2008  8 3 89 27  1.4 0  0 12 15 27  0  0  0  0  0  1  0 11 15  0 27
43193 2008  9 3 89 28  1.4 0  0 15 13 28  0  5  0  0  1  7  0  2 13  0 28
43193 2008 10 3 87 30  0.4 0  0  6 24 30  1  2  0  0  0  0  1  2 24  0 30
43193 2008 11 3 83 29  0.4 0  0  7 22 29  0  2  0  2  0  0  0  3 22  0 29
43193 2008 12 3 88 30  0.1 0  0  2 28 30  0  1  0  0  0  0  0  1 28  0 30
